0.47|33.5|1.6|7@6|1@2|1@3|6@6|1@4|19@6
0.2|0.4|0.42|0.4|0.005|250|2500
13 0.38 0.47
13 1.19 0.47
13 2.01 0.47
13 2.82 0.47
13 3.63 0.47
13 4.44 0.47
13 5.26 0.47
13 6.07 0.47
13 6.88 0.47
13 7.70 0.47
13 8.51 0.47
13 9.32 0.47
13 10.13 0.47
13 10.95 0.47
13 11.76 0.47
13 12.57 0.47
13 13.39 0.47
13 14.20 0.47
13 15.01 0.47
13 0.38 0.90
13 1.19 0.90
13 2.01 0.90
13 2.82 0.90
13 3.63 0.90
13 4.44 0.90
13 5.26 0.90
13 6.07 0.90
13 6.88 0.90
13 7.70 0.90
13 8.51 0.90
13 9.32 0.90
13 10.13 0.90
13 10.95 0.90
13 11.76 0.90
13 12.57 0.90
13 13.39 0.90
13 14.20 0.90
13 15.01 0.90
13 0.38 1.33
13 1.19 1.33
13 2.01 1.33
13 2.82 1.33
13 3.63 1.33
13 4.44 1.33
13 5.26 1.33
13 6.07 1.33
13 6.88 1.33
13 7.70 1.33
13 8.51 1.33
13 9.32 1.33
13 10.13 1.33
13 10.95 1.33
13 11.76 1.33
13 12.57 1.33
13 13.39 1.33
13 14.20 1.33
13 15.01 1.33
13 0.38 -0.47
13 1.19 -0.47
13 2.01 -0.47
13 2.82 -0.47
13 3.63 -0.47
13 4.44 -0.47
13 5.26 -0.47
13 6.07 -0.47
13 6.88 -0.47
13 7.70 -0.47
13 8.51 -0.47
13 9.32 -0.47
13 10.13 -0.47
13 10.95 -0.47
13 11.76 -0.47
13 12.57 -0.47
13 13.39 -0.47
13 14.20 -0.47
13 15.01 -0.47
13 0.38 -0.90
13 1.19 -0.90
13 2.01 -0.90
13 2.82 -0.90
13 3.63 -0.90
13 4.44 -0.90
13 5.26 -0.90
13 6.07 -0.90
13 6.88 -0.90
13 7.70 -0.90
13 8.51 -0.90
13 9.32 -0.90
13 10.13 -0.90
13 10.95 -0.90
13 11.76 -0.90
13 12.57 -0.90
13 13.39 -0.90
13 14.20 -0.90
13 15.01 -0.90
13 0.38 -1.33
13 1.19 -1.33
13 2.01 -1.33
13 2.82 -1.33
13 3.63 -1.33
13 4.44 -1.33
13 5.26 -1.33
13 6.07 -1.33
13 6.88 -1.33
13 7.70 -1.33
13 8.51 -1.33
13 9.32 -1.33
13 10.13 -1.33
13 10.95 -1.33
13 11.76 -1.33
13 12.57 -1.33
13 13.39 -1.33
13 14.20 -1.33
13 15.01 -1.33
13 16.74 0.47
13 17.55 0.47
13 18.36 0.47
13 19.18 0.47
13 19.99 0.47
13 20.80 0.47
13 21.62 0.47
13 22.43 0.47
13 23.24 0.47
13 16.74 0.90
13 17.55 0.90
13 18.36 0.90
13 19.18 0.90
13 19.99 0.90
13 20.80 0.90
13 21.62 0.90
13 22.43 0.90
13 23.24 0.90
13 17.55 1.33
13 18.36 1.33
13 19.18 1.33
13 19.99 1.33
13 20.80 1.33
13 21.62 1.33
13 22.43 1.33
13 16.74 -0.47
13 17.55 -0.47
13 18.36 -0.47
13 19.18 -0.47
13 19.99 -0.47
13 20.80 -0.47
13 21.62 -0.47
13 16.74 -0.90
13 17.55 -0.90
13 18.36 -0.90
13 19.18 -0.90
13 19.99 -0.90
13 20.80 -0.90
13 21.62 -0.90
13 17.55 -1.33
13 18.36 -1.33
13 19.18 -1.33
13 19.99 -1.33
13 20.80 -1.33
13 21.62 -1.33
13 25.93 0.47
13 26.75 0.47
13 27.56 0.47
13 28.37 0.47
13 29.18 0.47
13 30.00 0.47
13 30.81 0.47
13 25.93 0.90
13 26.75 0.90
13 27.56 0.90
13 28.37 0.90
13 29.18 0.90
13 30.00 0.90
13 30.81 0.90
13 25.93 1.33
13 26.75 1.33
13 27.56 1.33
13 28.37 1.33
13 29.18 1.33
13 30.00 1.33
13 30.81 1.33
13 25.93 -0.47
13 26.75 -0.47
13 27.56 -0.47
13 28.37 -0.47
13 29.18 -0.47
13 30.00 -0.47
13 30.81 -0.47
13 25.93 -0.90
13 26.75 -0.90
13 27.56 -0.90
13 28.37 -0.90
13 29.18 -0.90
13 30.00 -0.90
13 30.81 -0.90
13 25.93 -1.33
13 26.75 -1.33
13 27.56 -1.33
13 28.37 -1.33
13 29.18 -1.33
13 30.00 -1.33
13 30.81 -1.33
16 0.00 0.47
16 0.81 0.47
16 1.63 0.47
16 2.44 0.47
16 3.25 0.47
16 4.06 0.47
16 4.88 0.47
16 5.69 0.47
16 6.50 0.47
16 7.32 0.47
16 8.13 0.47
16 8.94 0.47
16 9.75 0.47
16 10.57 0.47
16 11.38 0.47
16 12.19 0.47
16 13.00 0.47
16 13.82 0.47
16 14.63 0.47
16 0.00 0.90
16 0.81 0.90
16 1.63 0.90
16 2.44 0.90
16 3.25 0.90
16 4.06 0.90
16 4.88 0.90
16 5.69 0.90
16 6.50 0.90
16 7.32 0.90
16 8.13 0.90
16 8.94 0.90
16 9.75 0.90
16 10.57 0.90
16 11.38 0.90
16 12.19 0.90
16 13.00 0.90
16 13.82 0.90
16 14.63 0.90
16 0.00 1.33
16 0.81 1.33
16 1.63 1.33
16 2.44 1.33
16 3.25 1.33
16 4.06 1.33
16 4.88 1.33
16 5.69 1.33
16 6.50 1.33
16 7.32 1.33
16 8.13 1.33
16 8.94 1.33
16 9.75 1.33
16 10.57 1.33
16 11.38 1.33
16 12.19 1.33
16 13.00 1.33
16 13.82 1.33
16 14.63 1.33
16 0.00 -0.47
16 0.81 -0.47
16 1.63 -0.47
16 2.44 -0.47
16 3.25 -0.47
16 4.06 -0.47
16 4.88 -0.47
16 5.69 -0.47
16 6.50 -0.47
16 7.32 -0.47
16 8.13 -0.47
16 8.94 -0.47
16 9.75 -0.47
16 10.57 -0.47
16 11.38 -0.47
16 12.19 -0.47
16 13.00 -0.47
16 13.82 -0.47
16 14.63 -0.47
16 0.00 -0.90
16 0.81 -0.90
16 1.63 -0.90
16 2.44 -0.90
16 3.25 -0.90
16 4.06 -0.90
16 4.88 -0.90
16 5.69 -0.90
16 6.50 -0.90
16 7.32 -0.90
16 8.13 -0.90
16 8.94 -0.90
16 9.75 -0.90
16 10.57 -0.90
16 11.38 -0.90
16 12.19 -0.90
16 13.00 -0.90
16 13.82 -0.90
16 14.63 -0.90
16 0.00 -1.33
16 0.81 -1.33
16 1.63 -1.33
16 2.44 -1.33
16 3.25 -1.33
16 4.06 -1.33
16 4.88 -1.33
16 5.69 -1.33
16 6.50 -1.33
16 7.32 -1.33
16 8.13 -1.33
16 8.94 -1.33
16 9.75 -1.33
16 10.57 -1.33
16 11.38 -1.33
16 12.19 -1.33
16 13.00 -1.33
16 13.82 -1.33
16 14.63 -1.33
16 16.36 0.47
16 17.17 0.47
16 17.98 0.47
16 18.80 0.47
16 19.61 0.47
16 20.42 0.47
16 21.23 0.47
16 22.05 0.47
16 22.86 0.47
16 16.36 0.90
16 17.17 0.90
16 17.98 0.90
16 18.80 0.90
16 19.61 0.90
16 20.42 0.90
16 21.23 0.90
16 22.05 0.90
16 22.86 0.90
16 17.17 1.33
16 17.98 1.33
16 18.80 1.33
16 19.61 1.33
16 20.42 1.33
16 21.23 1.33
16 22.05 1.33
16 16.36 -0.47
16 17.17 -0.47
16 17.98 -0.47
16 18.80 -0.47
16 19.61 -0.47
16 20.42 -0.47
16 21.23 -0.47
16 16.36 -0.90
16 17.17 -0.90
16 17.98 -0.90
16 18.80 -0.90
16 19.61 -0.90
16 20.42 -0.90
16 21.23 -0.90
16 17.17 -1.33
16 17.98 -1.33
16 18.80 -1.33
16 19.61 -1.33
16 20.42 -1.33
16 21.23 -1.33
16 25.55 0.47
16 26.37 0.47
16 27.18 0.47
16 27.99 0.47
16 28.80 0.47
16 29.62 0.47
16 30.43 0.47
16 25.55 0.90
16 26.37 0.90
16 27.18 0.90
16 27.99 0.90
16 28.80 0.90
16 29.62 0.90
16 30.43 0.90
16 25.55 1.33
16 26.37 1.33
16 27.18 1.33
16 27.99 1.33
16 28.80 1.33
16 29.62 1.33
16 30.43 1.33
16 25.55 -0.47
16 26.37 -0.47
16 27.18 -0.47
16 27.99 -0.47
16 28.80 -0.47
16 29.62 -0.47
16 30.43 -0.47
16 25.55 -0.90
16 26.37 -0.90
16 27.18 -0.90
16 27.99 -0.90
16 28.80 -0.90
16 29.62 -0.90
16 30.43 -0.90
16 25.55 -1.33
16 26.37 -1.33
16 27.18 -1.33
16 27.99 -1.33
16 28.80 -1.33
16 29.62 -1.33
16 30.43 -1.33
16 -0.81 1.60
16 -0.69 1.60
16 -0.56 1.60
16 -0.43 1.60
16 -0.30 1.60
16 -0.17 1.60
16 -0.05 1.60
16 0.08 1.60
16 0.21 1.60
16 0.34 1.60
16 0.46 1.60
16 0.59 1.60
16 0.72 1.60
16 0.85 1.60
16 0.97 1.60
16 1.10 1.60
16 1.23 1.60
16 1.36 1.60
16 1.49 1.60
16 1.61 1.60
16 1.74 1.60
16 1.87 1.60
16 2.00 1.60
16 2.12 1.60
16 2.25 1.60
16 2.38 1.60
16 2.51 1.60
16 2.63 1.60
16 2.76 1.60
16 2.89 1.60
16 3.02 1.60
16 3.14 1.60
16 3.27 1.60
16 3.40 1.60
16 3.53 1.60
16 3.66 1.60
16 3.78 1.60
16 3.91 1.60
16 4.04 1.60
16 4.17 1.60
16 4.29 1.60
16 4.42 1.60
16 4.55 1.60
16 4.68 1.60
16 4.80 1.60
16 4.93 1.60
16 5.06 1.60
16 5.19 1.60
16 5.32 1.60
16 5.44 1.60
16 5.57 1.60
16 5.70 1.60
16 5.83 1.60
16 5.95 1.60
16 6.08 1.60
16 6.21 1.60
16 6.34 1.60
16 6.46 1.60
16 6.59 1.60
16 6.72 1.60
16 6.85 1.60
16 6.97 1.60
16 7.10 1.60
16 7.23 1.60
16 7.36 1.60
16 7.49 1.60
16 7.61 1.60
16 7.74 1.60
16 7.87 1.60
16 8.00 1.60
16 8.12 1.60
16 8.25 1.60
16 8.38 1.60
16 8.51 1.60
16 8.63 1.60
16 8.76 1.60
16 8.89 1.60
16 9.02 1.60
16 9.15 1.60
16 9.27 1.60
16 9.40 1.60
16 9.53 1.60
16 9.66 1.60
16 9.78 1.60
16 9.91 1.60
16 10.04 1.60
16 10.17 1.60
16 10.29 1.60
16 10.42 1.60
16 10.55 1.60
16 10.68 1.60
16 10.80 1.60
16 10.93 1.60
16 11.06 1.60
16 11.19 1.60
16 11.32 1.60
16 11.44 1.60
16 11.57 1.60
16 11.70 1.60
16 11.83 1.60
16 11.95 1.60
16 12.08 1.60
16 12.21 1.60
16 12.34 1.60
16 12.46 1.60
16 12.59 1.60
16 12.72 1.60
16 12.85 1.60
16 12.98 1.60
16 13.10 1.60
16 13.23 1.60
16 13.36 1.60
16 13.49 1.60
16 13.61 1.60
16 13.74 1.60
16 13.87 1.60
16 14.00 1.60
16 14.12 1.60
16 14.25 1.60
16 14.38 1.60
16 14.51 1.60
16 14.63 1.60
16 14.76 1.60
16 14.89 1.60
16 15.02 1.60
16 15.15 1.60
16 15.27 1.60
16 15.40 1.60
16 15.53 1.60
16 15.66 1.60
16 15.78 1.60
16 15.91 1.60
16 16.04 1.60
16 16.17 1.60
16 16.29 1.60
16 16.42 1.60
16 16.55 1.60
16 16.68 1.60
16 16.81 1.60
16 16.93 1.60
16 17.06 1.60
16 17.19 1.60
16 17.32 1.60
16 17.44 1.60
16 17.57 1.60
16 17.70 1.60
16 17.83 1.60
16 17.95 1.60
16 18.08 1.60
16 18.21 1.60
16 18.34 1.60
16 18.46 1.60
16 18.59 1.60
16 18.72 1.60
16 18.85 1.60
16 18.98 1.60
16 19.10 1.60
16 19.23 1.60
16 19.36 1.60
16 19.49 1.60
16 19.61 1.60
16 19.74 1.60
16 19.87 1.60
16 20.00 1.60
16 20.12 1.60
16 20.25 1.60
16 20.38 1.60
16 20.51 1.60
16 20.64 1.60
16 20.76 1.60
16 20.89 1.60
16 21.02 1.60
16 21.15 1.60
16 21.27 1.60
16 21.40 1.60
16 21.53 1.60
16 21.66 1.60
16 21.78 1.60
16 21.91 1.60
16 22.04 1.60
16 22.17 1.60
16 22.29 1.60
16 22.42 1.60
16 22.55 1.60
16 22.68 1.60
16 22.81 1.60
16 22.93 1.60
16 23.06 1.60
16 23.19 1.60
16 23.32 1.60
16 23.44 1.60
16 23.57 1.60
16 23.70 1.60
16 23.83 1.60
16 23.95 1.60
16 24.08 1.60
16 24.21 1.60
16 24.34 1.60
16 24.47 1.60
16 24.59 1.60
16 24.72 1.60
16 24.85 1.60
16 24.98 1.60
16 25.10 1.60
16 25.23 1.60
16 25.36 1.60
16 25.49 1.60
16 25.61 1.60
16 25.74 1.60
16 25.87 1.60
16 26.00 1.60
16 26.12 1.60
16 26.25 1.60
16 26.38 1.60
16 26.51 1.60
16 26.64 1.60
16 26.76 1.60
16 26.89 1.60
16 27.02 1.60
16 27.15 1.60
16 27.27 1.60
16 27.40 1.60
16 27.53 1.60
16 27.66 1.60
16 27.78 1.60
16 27.91 1.60
16 28.04 1.60
16 28.17 1.60
16 28.30 1.60
16 28.42 1.60
16 28.55 1.60
16 28.68 1.60
16 28.81 1.60
16 28.93 1.60
16 29.06 1.60
16 29.19 1.60
16 29.32 1.60
16 29.44 1.60
16 29.57 1.60
16 29.70 1.60
16 29.83 1.60
16 29.95 1.60
16 30.08 1.60
16 30.21 1.60
16 30.34 1.60
16 30.47 1.60
16 30.59 1.60
16 30.72 1.60
16 30.85 1.60
16 30.98 1.60
16 31.10 1.60
16 31.23 1.60
16 31.36 1.60
16 31.49 1.60
16 31.61 1.60
16 31.74 1.60
16 31.87 1.60
16 32.00 1.60
16 32.13 1.60
16 32.25 1.60
16 32.38 1.60
16 32.51 1.60
16 32.64 1.60
16 32.76 1.60
16 32.89 1.60
16 33.02 1.60
16 33.15 1.60
16 33.27 1.60
16 -0.81 -1.60
16 -0.69 -1.60
16 -0.56 -1.60
16 -0.43 -1.60
16 -0.30 -1.60
16 -0.17 -1.60
16 -0.05 -1.60
16 0.08 -1.60
16 0.21 -1.60
16 0.34 -1.60
16 0.46 -1.60
16 0.59 -1.60
16 0.72 -1.60
16 0.85 -1.60
16 0.97 -1.60
16 1.10 -1.60
16 1.23 -1.60
16 1.36 -1.60
16 1.49 -1.60
16 1.61 -1.60
16 1.74 -1.60
16 1.87 -1.60
16 2.00 -1.60
16 2.12 -1.60
16 2.25 -1.60
16 2.38 -1.60
16 2.51 -1.60
16 2.63 -1.60
16 2.76 -1.60
16 2.89 -1.60
16 3.02 -1.60
16 3.14 -1.60
16 3.27 -1.60
16 3.40 -1.60
16 3.53 -1.60
16 3.66 -1.60
16 3.78 -1.60
16 3.91 -1.60
16 4.04 -1.60
16 4.17 -1.60
16 4.29 -1.60
16 4.42 -1.60
16 4.55 -1.60
16 4.68 -1.60
16 4.80 -1.60
16 4.93 -1.60
16 5.06 -1.60
16 5.19 -1.60
16 5.32 -1.60
16 5.44 -1.60
16 5.57 -1.60
16 5.70 -1.60
16 5.83 -1.60
16 5.95 -1.60
16 6.08 -1.60
16 6.21 -1.60
16 6.34 -1.60
16 6.46 -1.60
16 6.59 -1.60
16 6.72 -1.60
16 6.85 -1.60
16 6.97 -1.60
16 7.10 -1.60
16 7.23 -1.60
16 7.36 -1.60
16 7.49 -1.60
16 7.61 -1.60
16 7.74 -1.60
16 7.87 -1.60
16 8.00 -1.60
16 8.12 -1.60
16 8.25 -1.60
16 8.38 -1.60
16 8.51 -1.60
16 8.63 -1.60
16 8.76 -1.60
16 8.89 -1.60
16 9.02 -1.60
16 9.15 -1.60
16 9.27 -1.60
16 9.40 -1.60
16 9.53 -1.60
16 9.66 -1.60
16 9.78 -1.60
16 9.91 -1.60
16 10.04 -1.60
16 10.17 -1.60
16 10.29 -1.60
16 10.42 -1.60
16 10.55 -1.60
16 10.68 -1.60
16 10.80 -1.60
16 10.93 -1.60
16 11.06 -1.60
16 11.19 -1.60
16 11.32 -1.60
16 11.44 -1.60
16 11.57 -1.60
16 11.70 -1.60
16 11.83 -1.60
16 11.95 -1.60
16 12.08 -1.60
16 12.21 -1.60
16 12.34 -1.60
16 12.46 -1.60
16 12.59 -1.60
16 12.72 -1.60
16 12.85 -1.60
16 12.98 -1.60
16 13.10 -1.60
16 13.23 -1.60
16 13.36 -1.60
16 13.49 -1.60
16 13.61 -1.60
16 13.74 -1.60
16 13.87 -1.60
16 14.00 -1.60
16 14.12 -1.60
16 14.25 -1.60
16 14.38 -1.60
16 14.51 -1.60
16 14.63 -1.60
16 14.76 -1.60
16 14.89 -1.60
16 15.02 -1.60
16 15.15 -1.60
16 15.27 -1.60
16 15.40 -1.60
16 15.53 -1.60
16 15.66 -1.60
16 15.78 -1.60
16 15.91 -1.60
16 16.04 -1.60
16 16.17 -1.60
16 16.29 -1.60
16 16.42 -1.60
16 16.55 -1.60
16 16.68 -1.60
16 16.81 -1.60
16 16.93 -1.60
16 17.06 -1.60
16 17.19 -1.60
16 17.32 -1.60
16 17.44 -1.60
16 17.57 -1.60
16 17.70 -1.60
16 17.83 -1.60
16 17.95 -1.60
16 18.08 -1.60
16 18.21 -1.60
16 18.34 -1.60
16 18.46 -1.60
16 18.59 -1.60
16 18.72 -1.60
16 18.85 -1.60
16 18.98 -1.60
16 19.10 -1.60
16 19.23 -1.60
16 19.36 -1.60
16 19.49 -1.60
16 19.61 -1.60
16 19.74 -1.60
16 19.87 -1.60
16 20.00 -1.60
16 20.12 -1.60
16 20.25 -1.60
16 20.38 -1.60
16 20.51 -1.60
16 20.64 -1.60
16 20.76 -1.60
16 20.89 -1.60
16 21.02 -1.60
16 21.15 -1.60
16 21.27 -1.60
16 21.40 -1.60
16 21.53 -1.60
16 21.66 -1.60
16 21.78 -1.60
16 21.91 -1.60
16 22.04 -1.60
16 22.17 -1.60
16 22.29 -1.60
16 22.42 -1.60
16 22.55 -1.60
16 22.68 -1.60
16 22.81 -1.60
16 22.93 -1.60
16 23.06 -1.60
16 23.19 -1.60
16 23.32 -1.60
16 23.44 -1.60
16 23.57 -1.60
16 23.70 -1.60
16 23.83 -1.60
16 23.95 -1.60
16 24.08 -1.60
16 24.21 -1.60
16 24.34 -1.60
16 24.47 -1.60
16 24.59 -1.60
16 24.72 -1.60
16 24.85 -1.60
16 24.98 -1.60
16 25.10 -1.60
16 25.23 -1.60
16 25.36 -1.60
16 25.49 -1.60
16 25.61 -1.60
16 25.74 -1.60
16 25.87 -1.60
16 26.00 -1.60
16 26.12 -1.60
16 26.25 -1.60
16 26.38 -1.60
16 26.51 -1.60
16 26.64 -1.60
16 26.76 -1.60
16 26.89 -1.60
16 27.02 -1.60
16 27.15 -1.60
16 27.27 -1.60
16 27.40 -1.60
16 27.53 -1.60
16 27.66 -1.60
16 27.78 -1.60
16 27.91 -1.60
16 28.04 -1.60
16 28.17 -1.60
16 28.30 -1.60
16 28.42 -1.60
16 28.55 -1.60
16 28.68 -1.60
16 28.81 -1.60
16 28.93 -1.60
16 29.06 -1.60
16 29.19 -1.60
16 29.32 -1.60
16 29.44 -1.60
16 29.57 -1.60
16 29.70 -1.60
16 29.83 -1.60
16 29.95 -1.60
16 30.08 -1.60
16 30.21 -1.60
16 30.34 -1.60
16 30.47 -1.60
16 30.59 -1.60
16 30.72 -1.60
16 30.85 -1.60
16 30.98 -1.60
16 31.10 -1.60
16 31.23 -1.60
16 31.23 -1.52
16 31.23 -1.40
16 31.23 -1.27
16 31.23 -1.14
16 31.23 -1.02
16 31.23 -0.89
16 31.23 -0.76
16 31.23 -0.64
16 31.23 -0.44
16 31.23 1.52
16 31.23 1.40
16 31.23 1.27
16 31.23 1.14
16 31.23 1.02
16 31.23 0.89
16 31.23 0.76
16 31.23 0.64
16 31.23 0.44
16 31.49 0.44
16 31.74 0.44
16 31.99 0.44
16 32.25 0.44
16 31.49 -0.44
16 31.74 -0.44
16 31.99 -0.44
16 32.25 -0.44
16 31.36 -1.60
16 31.49 -1.60
16 31.61 -1.60
16 31.74 -1.60
16 31.87 -1.60
16 32.00 -1.60
16 32.13 -1.60
16 32.25 -1.60
16 32.38 -1.60
16 32.51 -1.60
16 32.64 -1.60
16 32.76 -1.60
16 32.89 -1.60
16 33.02 -1.60
16 33.15 -1.60
16 33.27 -1.60
16 -0.81 -1.60
16 -0.81 -1.47
16 -0.81 -1.33
16 -0.81 -1.20
16 -0.81 -1.07
16 -0.81 -0.93
16 -0.81 -0.80
16 -0.81 -0.67
16 -0.81 -0.53
16 -0.81 -0.40
16 -0.81 -0.27
16 -0.81 -0.13
16 -0.81 0.00
16 -0.81 0.13
16 -0.81 0.27
16 -0.81 0.40
16 -0.81 0.53
16 -0.81 0.67
16 -0.81 0.80
16 -0.81 0.93
16 -0.81 1.07
16 -0.81 1.20
16 -0.81 1.33
16 -0.81 1.47
16 -0.81 1.60
16 34.19 -1.60
16 34.19 -1.47
16 34.19 -1.33
16 34.19 -1.20
16 34.19 -1.07
16 34.19 -0.93
16 34.19 -0.80
16 34.19 -0.67
16 34.19 -0.53
16 34.19 -0.40
16 34.19 -0.27
16 34.19 -0.13
16 34.19 0.00
16 34.19 0.13
16 34.19 0.27
16 34.19 0.40
16 34.19 0.53
16 34.19 0.67
16 34.19 0.80
16 34.19 0.93
16 34.19 1.07
16 34.19 1.20
16 34.19 1.33
16 34.19 1.47
16 34.19 1.60
16 33.27 1.60
16 33.43 1.60
16 33.58 1.60
16 33.43 -1.60
16 33.58 -1.60
16 33.73 -1.60
16 33.88 -1.60
16 34.04 -1.60
16 34.19 -1.60
16 24.61 0.44
16 24.61 0.57
16 24.61 0.70
16 24.61 0.82
16 24.61 0.95
16 24.61 1.07
16 24.61 1.20
16 24.61 1.32
16 24.61 1.45
16 24.61 1.57
16 25.10 0.44
16 25.10 0.57
16 25.10 0.70
16 25.10 0.82
16 25.10 0.95
16 25.10 1.07
16 25.10 1.20
16 25.10 1.32
16 25.10 1.45
16 25.10 1.57
16 24.61 0.44
16 24.67 0.44
16 24.72 0.44
16 24.77 0.44
16 24.83 0.44
16 24.88 0.44
16 24.93 0.44
16 24.99 0.44
16 25.04 0.44
16 25.10 0.44
16 24.61 -0.44
16 24.61 -0.57
16 24.61 -0.70
16 24.61 -0.82
16 24.61 -0.95
16 24.61 -1.07
16 24.61 -1.20
16 24.61 -1.32
16 24.61 -1.45
16 24.61 -1.57
16 25.10 -0.44
16 25.10 -0.57
16 25.10 -0.70
16 25.10 -0.82
16 25.10 -0.95
16 25.10 -1.07
16 25.10 -1.20
16 25.10 -1.32
16 25.10 -1.45
16 25.10 -1.57
16 24.61 -0.44
16 24.67 -0.44
16 24.72 -0.44
16 24.77 -0.44
16 24.83 -0.44
16 24.88 -0.44
16 24.93 -0.44
16 24.99 -0.44
16 25.04 -0.44
16 25.10 -0.44
16 32.49 0.44
16 32.49 0.57
16 32.49 0.70
16 32.49 0.82
16 32.49 0.95
16 32.49 1.07
16 32.49 1.20
16 32.49 1.32
16 32.49 1.45
16 32.49 1.57
16 33.27 0.44
16 33.27 0.57
16 33.27 0.70
16 33.27 0.82
16 33.27 0.95
16 33.27 1.07
16 33.27 1.20
16 33.27 1.32
16 33.27 1.45
16 33.27 1.57
16 32.49 0.44
16 32.57 0.44
16 32.66 0.44
16 32.75 0.44
16 32.84 0.44
16 32.92 0.44
16 33.01 0.44
16 33.10 0.44
16 33.19 0.44
16 33.27 0.44
16 32.49 -0.44
16 32.49 -0.57
16 32.49 -0.70
16 32.49 -0.82
16 32.49 -0.95
16 32.49 -1.07
16 32.49 -1.20
16 32.49 -1.32
16 32.49 -1.45
16 32.49 -1.57
16 33.27 -0.44
16 33.27 -0.57
16 33.27 -0.70
16 33.27 -0.82
16 33.27 -0.95
16 33.27 -1.07
16 33.27 -1.20
16 33.27 -1.32
16 33.27 -1.45
16 33.27 -1.57
16 32.49 -0.44
16 32.57 -0.44
16 32.66 -0.44
16 32.75 -0.44
16 32.84 -0.44
16 32.92 -0.44
16 33.01 -0.44
16 33.10 -0.44
16 33.19 -0.44
16 33.27 -0.44
16 22.48 -0.44
16 22.48 -0.57
16 22.48 -0.70
16 22.48 -0.82
16 22.48 -0.95
16 22.48 -1.07
16 22.48 -1.20
16 22.48 -1.32
16 22.48 -1.45
16 22.48 -1.57
16 23.27 -0.44
16 23.27 -0.57
16 23.27 -0.70
16 23.27 -0.82
16 23.27 -0.95
16 23.27 -1.07
16 23.27 -1.20
16 23.27 -1.32
16 23.27 -1.45
16 23.27 -1.57
16 22.48 -0.44
16 22.57 -0.44
16 22.65 -0.44
16 22.74 -0.44
16 22.83 -0.44
16 22.92 -0.44
16 23.00 -0.44
16 23.09 -0.44
16 23.18 -0.44
16 23.27 -0.44
