U         0.0        18.5       0.000
U         0.0       35.43       0.000
U         0.0       52.36       0.000
U         0.0       -18.5       0.000
U         0.0      -35.43       0.000
U         0.0      -52.36       0.000
U        3.15       62.99       0.000
U        8.27       62.99       0.000
U       13.39       62.99       0.000
U       18.11       62.99       0.000
U       23.23       62.99       0.000
U       28.35       62.99       0.000
U       33.46       62.99       0.000
U        3.15      -62.99       0.000
U        8.27      -62.99       0.000
U       13.39      -62.99       0.000
U       18.11      -62.99       0.000
U       23.23      -62.99       0.000
U       28.35      -62.99       0.000
U       33.46      -62.99       0.000
N       31.89        18.5       0.000
N       64.17        18.5       0.000
N       96.06        18.5       0.000
N      127.95        18.5       0.000
N      159.84        18.5       0.000
N      192.13        18.5       0.000
N      224.02        18.5       0.000
N      255.91        18.5       0.000
N      288.19        18.5       0.000
N      320.08        18.5       0.000
N      351.97        18.5       0.000
N      383.86        18.5       0.000
N      416.14        18.5       0.000
N      448.03        18.5       0.000
N      479.92        18.5       0.000
N      511.81        18.5       0.000
N      544.09        18.5       0.000
N      575.98        18.5       0.000
N       31.89       35.43       0.000
N       64.17       35.43       0.000
N       96.06       35.43       0.000
N      127.95       35.43       0.000
N      159.84       35.43       0.000
N      192.13       35.43       0.000
N      224.02       35.43       0.000
N      255.91       35.43       0.000
N      288.19       35.43       0.000
N      320.08       35.43       0.000
N      351.97       35.43       0.000
N      383.86       35.43       0.000
N      416.14       35.43       0.000
N      448.03       35.43       0.000
N      479.92       35.43       0.000
N      511.81       35.43       0.000
N      544.09       35.43       0.000
N      575.98       35.43       0.000
N       31.89       52.36       0.000
N       64.17       52.36       0.000
N       96.06       52.36       0.000
N      127.95       52.36       0.000
N      159.84       52.36       0.000
N      192.13       52.36       0.000
N      224.02       52.36       0.000
N      255.91       52.36       0.000
N      288.19       52.36       0.000
N      320.08       52.36       0.000
N      351.97       52.36       0.000
N      383.86       52.36       0.000
N      416.14       52.36       0.000
N      448.03       52.36       0.000
N      479.92       52.36       0.000
N      511.81       52.36       0.000
N      544.09       52.36       0.000
N      575.98       52.36       0.000
N       31.89       -18.5       0.000
N       64.17       -18.5       0.000
N       96.06       -18.5       0.000
N      127.95       -18.5       0.000
N      159.84       -18.5       0.000
N      192.13       -18.5       0.000
N      224.02       -18.5       0.000
N      255.91       -18.5       0.000
N      288.19       -18.5       0.000
N      320.08       -18.5       0.000
N      351.97       -18.5       0.000
N      383.86       -18.5       0.000
N      416.14       -18.5       0.000
N      448.03       -18.5       0.000
N      479.92       -18.5       0.000
N      511.81       -18.5       0.000
N      544.09       -18.5       0.000
N      575.98       -18.5       0.000
N       31.89      -35.43       0.000
N       64.17      -35.43       0.000
N       96.06      -35.43       0.000
N      127.95      -35.43       0.000
N      159.84      -35.43       0.000
N      192.13      -35.43       0.000
N      224.02      -35.43       0.000
N      255.91      -35.43       0.000
N      288.19      -35.43       0.000
N      320.08      -35.43       0.000
N      351.97      -35.43       0.000
N      383.86      -35.43       0.000
N      416.14      -35.43       0.000
N      448.03      -35.43       0.000
N      479.92      -35.43       0.000
N      511.81      -35.43       0.000
N      544.09      -35.43       0.000
N      575.98      -35.43       0.000
N       31.89      -52.36       0.000
N       64.17      -52.36       0.000
N       96.06      -52.36       0.000
N      127.95      -52.36       0.000
N      159.84      -52.36       0.000
N      192.13      -52.36       0.000
N      224.02      -52.36       0.000
N      255.91      -52.36       0.000
N      288.19      -52.36       0.000
N      320.08      -52.36       0.000
N      351.97      -52.36       0.000
N      383.86      -52.36       0.000
N      416.14      -52.36       0.000
N      448.03      -52.36       0.000
N      479.92      -52.36       0.000
N      511.81      -52.36       0.000
N      544.09      -52.36       0.000
N      575.98      -52.36       0.000
N      644.09        18.5       0.000
N      675.98        18.5       0.000
N      707.87        18.5       0.000
N      740.16        18.5       0.000
N      772.05        18.5       0.000
N      803.94        18.5       0.000
N      835.83        18.5       0.000
N      868.11        18.5       0.000
N       900.0        18.5       0.000
N      644.09       35.43       0.000
N      675.98       35.43       0.000
N      707.87       35.43       0.000
N      740.16       35.43       0.000
N      772.05       35.43       0.000
N      803.94       35.43       0.000
N      835.83       35.43       0.000
N      868.11       35.43       0.000
N       900.0       35.43       0.000
N      675.98       52.36       0.000
N      707.87       52.36       0.000
N      740.16       52.36       0.000
N      772.05       52.36       0.000
N      803.94       52.36       0.000
N      835.83       52.36       0.000
N      868.11       52.36       0.000
N      644.09       -18.5       0.000
N      675.98       -18.5       0.000
N      707.87       -18.5       0.000
N      740.16       -18.5       0.000
N      772.05       -18.5       0.000
N      803.94       -18.5       0.000
N      835.83       -18.5       0.000
N      644.09      -35.43       0.000
N      675.98      -35.43       0.000
N      707.87      -35.43       0.000
N      740.16      -35.43       0.000
N      772.05      -35.43       0.000
N      803.94      -35.43       0.000
N      835.83      -35.43       0.000
N      675.98      -52.36       0.000
N      707.87      -52.36       0.000
N      740.16      -52.36       0.000
N      772.05      -52.36       0.000
N      803.94      -52.36       0.000
N      835.83      -52.36       0.000
N     1005.91        18.5       0.000
N     1038.19        18.5       0.000
N     1070.08        18.5       0.000
N     1101.97        18.5       0.000
N     1133.86        18.5       0.000
N     1166.14        18.5       0.000
N     1198.03        18.5       0.000
N     1005.91       35.43       0.000
N     1038.19       35.43       0.000
N     1070.08       35.43       0.000
N     1101.97       35.43       0.000
N     1133.86       35.43       0.000
N     1166.14       35.43       0.000
N     1198.03       35.43       0.000
N     1005.91       52.36       0.000
N     1038.19       52.36       0.000
N     1070.08       52.36       0.000
N     1101.97       52.36       0.000
N     1133.86       52.36       0.000
N     1166.14       52.36       0.000
N     1198.03       52.36       0.000
N     1005.91       -18.5       0.000
N     1038.19       -18.5       0.000
N     1070.08       -18.5       0.000
N     1101.97       -18.5       0.000
N     1133.86       -18.5       0.000
N     1166.14       -18.5       0.000
N     1198.03       -18.5       0.000
N     1005.91      -35.43       0.000
N     1038.19      -35.43       0.000
N     1070.08      -35.43       0.000
N     1101.97      -35.43       0.000
N     1133.86      -35.43       0.000
N     1166.14      -35.43       0.000
N     1198.03      -35.43       0.000
N     1005.91      -52.36       0.000
N     1038.19      -52.36       0.000
N     1070.08      -52.36       0.000
N     1101.97      -52.36       0.000
N     1133.86      -52.36       0.000
N     1166.14      -52.36       0.000
N     1198.03      -52.36       0.000
N      -31.89       62.99       0.000
N      -27.17       62.99       0.000
N      -22.05       62.99       0.000
N      -16.93       62.99       0.000
N      -11.81       62.99       0.000
N       -6.69       62.99       0.000
N       -1.97       62.99       0.000
N       38.19       62.99       0.000
N       43.31       62.99       0.000
N       48.43       62.99       0.000
N       53.54       62.99       0.000
N       58.66       62.99       0.000
N       63.39       62.99       0.000
N        68.5       62.99       0.000
N       73.62       62.99       0.000
N       78.74       62.99       0.000
N       83.46       62.99       0.000
N       88.58       62.99       0.000
N        93.7       62.99       0.000
N       98.82       62.99       0.000
N      103.54       62.99       0.000
N      108.66       62.99       0.000
N      113.78       62.99       0.000
N       118.9       62.99       0.000
N      123.62       62.99       0.000
N      128.74       62.99       0.000
N      133.86       62.99       0.000
N      138.98       62.99       0.000
N      144.09       62.99       0.000
N      148.82       62.99       0.000
N      153.94       62.99       0.000
N      159.06       62.99       0.000
N      164.17       62.99       0.000
N       168.9       62.99       0.000
N      174.02       62.99       0.000
N      179.13       62.99       0.000
N      184.25       62.99       0.000
N      188.98       62.99       0.000
N      194.09       62.99       0.000
N      199.21       62.99       0.000
N      204.33       62.99       0.000
N      209.45       62.99       0.000
N      214.17       62.99       0.000
N      219.29       62.99       0.000
N      224.41       62.99       0.000
N      229.53       62.99       0.000
N      234.25       62.99       0.000
N      239.37       62.99       0.000
N      244.49       62.99       0.000
N      249.61       62.99       0.000
N      254.33       62.99       0.000
N      259.45       62.99       0.000
N      264.57       62.99       0.000
N      269.69       62.99       0.000
N      274.41       62.99       0.000
N      279.53       62.99       0.000
N      284.65       62.99       0.000
N      289.76       62.99       0.000
N      294.88       62.99       0.000
N      299.61       62.99       0.000
N      304.72       62.99       0.000
N      309.84       62.99       0.000
N      314.96       62.99       0.000
N      319.69       62.99       0.000
N       324.8       62.99       0.000
N      329.92       62.99       0.000
N      335.04       62.99       0.000
N      339.76       62.99       0.000
N      344.88       62.99       0.000
N       350.0       62.99       0.000
N      355.12       62.99       0.000
N      360.24       62.99       0.000
N      364.96       62.99       0.000
N      370.08       62.99       0.000
N       375.2       62.99       0.000
N      380.31       62.99       0.000
N      385.04       62.99       0.000
N      390.16       62.99       0.000
N      395.28       62.99       0.000
N      400.39       62.99       0.000
N      405.12       62.99       0.000
N      410.24       62.99       0.000
N      415.35       62.99       0.000
N      420.47       62.99       0.000
N       425.2       62.99       0.000
N      430.31       62.99       0.000
N      435.43       62.99       0.000
N      440.55       62.99       0.000
N      445.67       62.99       0.000
N      450.39       62.99       0.000
N      455.51       62.99       0.000
N      460.63       62.99       0.000
N      465.75       62.99       0.000
N      470.47       62.99       0.000
N      475.59       62.99       0.000
N      480.71       62.99       0.000
N      485.83       62.99       0.000
N      490.55       62.99       0.000
N      495.67       62.99       0.000
N      500.79       62.99       0.000
N      505.91       62.99       0.000
N      511.02       62.99       0.000
N      515.75       62.99       0.000
N      520.87       62.99       0.000
N      525.98       62.99       0.000
N       531.1       62.99       0.000
N      535.83       62.99       0.000
N      540.94       62.99       0.000
N      546.06       62.99       0.000
N      551.18       62.99       0.000
N      555.91       62.99       0.000
N      561.02       62.99       0.000
N      566.14       62.99       0.000
N      571.26       62.99       0.000
N      575.98       62.99       0.000
N       581.1       62.99       0.000
N      586.22       62.99       0.000
N      591.34       62.99       0.000
N      596.46       62.99       0.000
N      601.18       62.99       0.000
N       606.3       62.99       0.000
N      611.42       62.99       0.000
N      616.54       62.99       0.000
N      621.26       62.99       0.000
N      626.38       62.99       0.000
N       631.5       62.99       0.000
N      636.61       62.99       0.000
N      641.34       62.99       0.000
N      646.46       62.99       0.000
N      651.57       62.99       0.000
N      656.69       62.99       0.000
N      661.81       62.99       0.000
N      666.54       62.99       0.000
N      671.65       62.99       0.000
N      676.77       62.99       0.000
N      681.89       62.99       0.000
N      686.61       62.99       0.000
N      691.73       62.99       0.000
N      696.85       62.99       0.000
N      701.97       62.99       0.000
N      706.69       62.99       0.000
N      711.81       62.99       0.000
N      716.93       62.99       0.000
N      722.05       62.99       0.000
N      726.77       62.99       0.000
N      731.89       62.99       0.000
N      737.01       62.99       0.000
N      742.13       62.99       0.000
N      747.24       62.99       0.000
N      751.97       62.99       0.000
N      757.09       62.99       0.000
N       762.2       62.99       0.000
N      767.32       62.99       0.000
N      772.05       62.99       0.000
N      777.17       62.99       0.000
N      782.28       62.99       0.000
N       787.4       62.99       0.000
N      792.13       62.99       0.000
N      797.24       62.99       0.000
N      802.36       62.99       0.000
N      807.48       62.99       0.000
N       812.6       62.99       0.000
N      817.32       62.99       0.000
N      822.44       62.99       0.000
N      827.56       62.99       0.000
N      832.68       62.99       0.000
N       837.4       62.99       0.000
N      842.52       62.99       0.000
N      847.64       62.99       0.000
N      852.76       62.99       0.000
N      857.48       62.99       0.000
N       862.6       62.99       0.000
N      867.72       62.99       0.000
N      872.83       62.99       0.000
N      877.56       62.99       0.000
N      882.68       62.99       0.000
N       887.8       62.99       0.000
N      892.91       62.99       0.000
N      898.03       62.99       0.000
N      902.76       62.99       0.000
N      907.87       62.99       0.000
N      912.99       62.99       0.000
N      918.11       62.99       0.000
N      922.83       62.99       0.000
N      927.95       62.99       0.000
N      933.07       62.99       0.000
N      938.19       62.99       0.000
N      942.91       62.99       0.000
N      948.03       62.99       0.000
N      953.15       62.99       0.000
N      958.27       62.99       0.000
N      963.39       62.99       0.000
N      968.11       62.99       0.000
N      973.23       62.99       0.000
N      978.35       62.99       0.000
N      983.46       62.99       0.000
N      988.19       62.99       0.000
N      993.31       62.99       0.000
N      998.43       62.99       0.000
N     1003.54       62.99       0.000
N     1008.27       62.99       0.000
N     1013.39       62.99       0.000
N      1018.5       62.99       0.000
N     1023.62       62.99       0.000
N     1028.35       62.99       0.000
N     1033.46       62.99       0.000
N     1038.58       62.99       0.000
N      1043.7       62.99       0.000
N     1048.82       62.99       0.000
N     1053.54       62.99       0.000
N     1058.66       62.99       0.000
N     1063.78       62.99       0.000
N      1068.9       62.99       0.000
N     1073.62       62.99       0.000
N     1078.74       62.99       0.000
N     1083.86       62.99       0.000
N     1088.98       62.99       0.000
N      1093.7       62.99       0.000
N     1098.82       62.99       0.000
N     1103.94       62.99       0.000
N     1109.06       62.99       0.000
N     1114.17       62.99       0.000
N      1118.9       62.99       0.000
N     1124.02       62.99       0.000
N     1129.13       62.99       0.000
N     1134.25       62.99       0.000
N     1138.98       62.99       0.000
N     1144.09       62.99       0.000
N     1149.21       62.99       0.000
N     1154.33       62.99       0.000
N     1159.06       62.99       0.000
N     1164.17       62.99       0.000
N     1169.29       62.99       0.000
N     1174.41       62.99       0.000
N     1179.13       62.99       0.000
N     1184.25       62.99       0.000
N     1189.37       62.99       0.000
N     1194.49       62.99       0.000
N     1199.61       62.99       0.000
N     1204.33       62.99       0.000
N     1209.45       62.99       0.000
N     1214.57       62.99       0.000
N     1219.69       62.99       0.000
N     1224.41       62.99       0.000
N     1229.53       62.99       0.000
N     1234.65       62.99       0.000
N     1239.76       62.99       0.000
N     1244.49       62.99       0.000
N     1249.61       62.99       0.000
N     1254.72       62.99       0.000
N     1259.84       62.99       0.000
N     1264.96       62.99       0.000
N     1269.69       62.99       0.000
N      1274.8       62.99       0.000
N     1279.92       62.99       0.000
N     1285.04       62.99       0.000
N     1289.76       62.99       0.000
N     1294.88       62.99       0.000
N      1300.0       62.99       0.000
N     1305.12       62.99       0.000
N     1309.84       62.99       0.000
N      -31.89      -62.99       0.000
N      -27.17      -62.99       0.000
N      -22.05      -62.99       0.000
N      -16.93      -62.99       0.000
N      -11.81      -62.99       0.000
N       -6.69      -62.99       0.000
N       -1.97      -62.99       0.000
N       38.19      -62.99       0.000
N       43.31      -62.99       0.000
N       48.43      -62.99       0.000
N       53.54      -62.99       0.000
N       58.66      -62.99       0.000
N       63.39      -62.99       0.000
N        68.5      -62.99       0.000
N       73.62      -62.99       0.000
N       78.74      -62.99       0.000
N       83.46      -62.99       0.000
N       88.58      -62.99       0.000
N        93.7      -62.99       0.000
N       98.82      -62.99       0.000
N      103.54      -62.99       0.000
N      108.66      -62.99       0.000
N      113.78      -62.99       0.000
N       118.9      -62.99       0.000
N      123.62      -62.99       0.000
N      128.74      -62.99       0.000
N      133.86      -62.99       0.000
N      138.98      -62.99       0.000
N      144.09      -62.99       0.000
N      148.82      -62.99       0.000
N      153.94      -62.99       0.000
N      159.06      -62.99       0.000
N      164.17      -62.99       0.000
N       168.9      -62.99       0.000
N      174.02      -62.99       0.000
N      179.13      -62.99       0.000
N      184.25      -62.99       0.000
N      188.98      -62.99       0.000
N      194.09      -62.99       0.000
N      199.21      -62.99       0.000
N      204.33      -62.99       0.000
N      209.45      -62.99       0.000
N      214.17      -62.99       0.000
N      219.29      -62.99       0.000
N      224.41      -62.99       0.000
N      229.53      -62.99       0.000
N      234.25      -62.99       0.000
N      239.37      -62.99       0.000
N      244.49      -62.99       0.000
N      249.61      -62.99       0.000
N      254.33      -62.99       0.000
N      259.45      -62.99       0.000
N      264.57      -62.99       0.000
N      269.69      -62.99       0.000
N      274.41      -62.99       0.000
N      279.53      -62.99       0.000
N      284.65      -62.99       0.000
N      289.76      -62.99       0.000
N      294.88      -62.99       0.000
N      299.61      -62.99       0.000
N      304.72      -62.99       0.000
N      309.84      -62.99       0.000
N      314.96      -62.99       0.000
N      319.69      -62.99       0.000
N       324.8      -62.99       0.000
N      329.92      -62.99       0.000
N      335.04      -62.99       0.000
N      339.76      -62.99       0.000
N      344.88      -62.99       0.000
N       350.0      -62.99       0.000
N      355.12      -62.99       0.000
N      360.24      -62.99       0.000
N      364.96      -62.99       0.000
N      370.08      -62.99       0.000
N       375.2      -62.99       0.000
N      380.31      -62.99       0.000
N      385.04      -62.99       0.000
N      390.16      -62.99       0.000
N      395.28      -62.99       0.000
N      400.39      -62.99       0.000
N      405.12      -62.99       0.000
N      410.24      -62.99       0.000
N      415.35      -62.99       0.000
N      420.47      -62.99       0.000
N       425.2      -62.99       0.000
N      430.31      -62.99       0.000
N      435.43      -62.99       0.000
N      440.55      -62.99       0.000
N      445.67      -62.99       0.000
N      450.39      -62.99       0.000
N      455.51      -62.99       0.000
N      460.63      -62.99       0.000
N      465.75      -62.99       0.000
N      470.47      -62.99       0.000
N      475.59      -62.99       0.000
N      480.71      -62.99       0.000
N      485.83      -62.99       0.000
N      490.55      -62.99       0.000
N      495.67      -62.99       0.000
N      500.79      -62.99       0.000
N      505.91      -62.99       0.000
N      511.02      -62.99       0.000
N      515.75      -62.99       0.000
N      520.87      -62.99       0.000
N      525.98      -62.99       0.000
N       531.1      -62.99       0.000
N      535.83      -62.99       0.000
N      540.94      -62.99       0.000
N      546.06      -62.99       0.000
N      551.18      -62.99       0.000
N      555.91      -62.99       0.000
N      561.02      -62.99       0.000
N      566.14      -62.99       0.000
N      571.26      -62.99       0.000
N      575.98      -62.99       0.000
N       581.1      -62.99       0.000
N      586.22      -62.99       0.000
N      591.34      -62.99       0.000
N      596.46      -62.99       0.000
N      601.18      -62.99       0.000
N       606.3      -62.99       0.000
N      611.42      -62.99       0.000
N      616.54      -62.99       0.000
N      621.26      -62.99       0.000
N      626.38      -62.99       0.000
N       631.5      -62.99       0.000
N      636.61      -62.99       0.000
N      641.34      -62.99       0.000
N      646.46      -62.99       0.000
N      651.57      -62.99       0.000
N      656.69      -62.99       0.000
N      661.81      -62.99       0.000
N      666.54      -62.99       0.000
N      671.65      -62.99       0.000
N      676.77      -62.99       0.000
N      681.89      -62.99       0.000
N      686.61      -62.99       0.000
N      691.73      -62.99       0.000
N      696.85      -62.99       0.000
N      701.97      -62.99       0.000
N      706.69      -62.99       0.000
N      711.81      -62.99       0.000
N      716.93      -62.99       0.000
N      722.05      -62.99       0.000
N      726.77      -62.99       0.000
N      731.89      -62.99       0.000
N      737.01      -62.99       0.000
N      742.13      -62.99       0.000
N      747.24      -62.99       0.000
N      751.97      -62.99       0.000
N      757.09      -62.99       0.000
N       762.2      -62.99       0.000
N      767.32      -62.99       0.000
N      772.05      -62.99       0.000
N      777.17      -62.99       0.000
N      782.28      -62.99       0.000
N       787.4      -62.99       0.000
N      792.13      -62.99       0.000
N      797.24      -62.99       0.000
N      802.36      -62.99       0.000
N      807.48      -62.99       0.000
N       812.6      -62.99       0.000
N      817.32      -62.99       0.000
N      822.44      -62.99       0.000
N      827.56      -62.99       0.000
N      832.68      -62.99       0.000
N       837.4      -62.99       0.000
N      842.52      -62.99       0.000
N      847.64      -62.99       0.000
N      852.76      -62.99       0.000
N      857.48      -62.99       0.000
N       862.6      -62.99       0.000
N      867.72      -62.99       0.000
N      872.83      -62.99       0.000
N      877.56      -62.99       0.000
N      882.68      -62.99       0.000
N       887.8      -62.99       0.000
N      892.91      -62.99       0.000
N      898.03      -62.99       0.000
N      902.76      -62.99       0.000
N      907.87      -62.99       0.000
N      912.99      -62.99       0.000
N      918.11      -62.99       0.000
N      922.83      -62.99       0.000
N      927.95      -62.99       0.000
N      933.07      -62.99       0.000
N      938.19      -62.99       0.000
N      942.91      -62.99       0.000
N      948.03      -62.99       0.000
N      953.15      -62.99       0.000
N      958.27      -62.99       0.000
N      963.39      -62.99       0.000
N      968.11      -62.99       0.000
N      973.23      -62.99       0.000
N      978.35      -62.99       0.000
N      983.46      -62.99       0.000
N      988.19      -62.99       0.000
N      993.31      -62.99       0.000
N      998.43      -62.99       0.000
N     1003.54      -62.99       0.000
N     1008.27      -62.99       0.000
N     1013.39      -62.99       0.000
N      1018.5      -62.99       0.000
N     1023.62      -62.99       0.000
N     1028.35      -62.99       0.000
N     1033.46      -62.99       0.000
N     1038.58      -62.99       0.000
N      1043.7      -62.99       0.000
N     1048.82      -62.99       0.000
N     1053.54      -62.99       0.000
N     1058.66      -62.99       0.000
N     1063.78      -62.99       0.000
N      1068.9      -62.99       0.000
N     1073.62      -62.99       0.000
N     1078.74      -62.99       0.000
N     1083.86      -62.99       0.000
N     1088.98      -62.99       0.000
N      1093.7      -62.99       0.000
N     1098.82      -62.99       0.000
N     1103.94      -62.99       0.000
N     1109.06      -62.99       0.000
N     1114.17      -62.99       0.000
N      1118.9      -62.99       0.000
N     1124.02      -62.99       0.000
N     1129.13      -62.99       0.000
N     1134.25      -62.99       0.000
N     1138.98      -62.99       0.000
N     1144.09      -62.99       0.000
N     1149.21      -62.99       0.000
N     1154.33      -62.99       0.000
N     1159.06      -62.99       0.000
N     1164.17      -62.99       0.000
N     1169.29      -62.99       0.000
N     1174.41      -62.99       0.000
N     1179.13      -62.99       0.000
N     1184.25      -62.99       0.000
N     1189.37      -62.99       0.000
N     1194.49      -62.99       0.000
N     1199.61      -62.99       0.000
N     1204.33      -62.99       0.000
N     1209.45      -62.99       0.000
N     1214.57      -62.99       0.000
N     1219.69      -62.99       0.000
N     1224.41      -62.99       0.000
N     1229.53      -62.99       0.000
N     1229.53      -59.84       0.000
N     1229.53      -55.12       0.000
N     1229.53       -50.0       0.000
N     1229.53      -44.88       0.000
N     1229.53      -40.16       0.000
N     1229.53      -35.04       0.000
N     1229.53      -29.92       0.000
N     1229.53       -25.2       0.000
N     1229.53      -17.32       0.000
N     1229.53       59.84       0.000
N     1229.53       55.12       0.000
N     1229.53        50.0       0.000
N     1229.53       44.88       0.000
N     1229.53       40.16       0.000
N     1229.53       35.04       0.000
N     1229.53       29.92       0.000
N     1229.53        25.2       0.000
N     1229.53       17.32       0.000
N     1239.76       17.32       0.000
N     1249.61       17.32       0.000
N     1259.45       17.32       0.000
N     1269.69       17.32       0.000
N     1239.76      -17.32       0.000
N     1249.61      -17.32       0.000
N     1259.45      -17.32       0.000
N     1269.69      -17.32       0.000
N     1234.65      -62.99       0.000
N     1239.76      -62.99       0.000
N     1244.49      -62.99       0.000
N     1249.61      -62.99       0.000
N     1254.72      -62.99       0.000
N     1259.84      -62.99       0.000
N     1264.96      -62.99       0.000
N     1269.69      -62.99       0.000
N      1274.8      -62.99       0.000
N     1279.92      -62.99       0.000
N     1285.04      -62.99       0.000
N     1289.76      -62.99       0.000
N     1294.88      -62.99       0.000
N      1300.0      -62.99       0.000
N     1305.12      -62.99       0.000
N     1309.84      -62.99       0.000
N      -31.89      -62.99       0.000
N      -31.89      -57.87       0.000
N      -31.89      -52.36       0.000
N      -31.89      -47.24       0.000
N      -31.89      -42.13       0.000
N      -31.89      -36.61       0.000
N      -31.89       -31.5       0.000
N      -31.89      -26.38       0.000
N      -31.89      -20.87       0.000
N      -31.89      -15.75       0.000
N      -31.89      -10.63       0.000
N      -31.89       -5.12       0.000
N      -31.89         0.0       0.000
N      -31.89        5.12       0.000
N      -31.89       10.63       0.000
N      -31.89       15.75       0.000
N      -31.89       20.87       0.000
N      -31.89       26.38       0.000
N      -31.89        31.5       0.000
N      -31.89       36.61       0.000
N      -31.89       42.13       0.000
N      -31.89       47.24       0.000
N      -31.89       52.36       0.000
N      -31.89       57.87       0.000
N      -31.89       62.99       0.000
N     1346.06      -62.99       0.000
N     1346.06      -57.87       0.000
N     1346.06      -52.36       0.000
N     1346.06      -47.24       0.000
N     1346.06      -42.13       0.000
N     1346.06      -36.61       0.000
N     1346.06       -31.5       0.000
N     1346.06      -26.38       0.000
N     1346.06      -20.87       0.000
N     1346.06      -15.75       0.000
N     1346.06      -10.63       0.000
N     1346.06       -5.12       0.000
N     1346.06         0.0       0.000
N     1346.06        5.12       0.000
N     1346.06       10.63       0.000
N     1346.06       15.75       0.000
N     1346.06       20.87       0.000
N     1346.06       26.38       0.000
N     1346.06        31.5       0.000
N     1346.06       36.61       0.000
N     1346.06       42.13       0.000
N     1346.06       47.24       0.000
N     1346.06       52.36       0.000
N     1346.06       57.87       0.000
N     1346.06       62.99       0.000
N     1309.84       62.99       0.000
N     1316.14       62.99       0.000
N     1322.05       62.99       0.000
N     1316.14      -62.99       0.000
N     1322.05      -62.99       0.000
N     1327.95      -62.99       0.000
N     1333.86      -62.99       0.000
N     1340.16      -62.99       0.000
N     1346.06      -62.99       0.000
N       968.9       17.32       0.000
N       968.9       22.44       0.000
N       968.9       27.56       0.000
N       968.9       32.28       0.000
N       968.9        37.4       0.000
N       968.9       42.13       0.000
N       968.9       47.24       0.000
N       968.9       51.97       0.000
N       968.9       57.09       0.000
N       968.9       61.81       0.000
N      988.19       17.32       0.000
N      988.19       22.44       0.000
N      988.19       27.56       0.000
N      988.19       32.28       0.000
N      988.19        37.4       0.000
N      988.19       42.13       0.000
N      988.19       47.24       0.000
N      988.19       51.97       0.000
N      988.19       57.09       0.000
N      988.19       61.81       0.000
N       968.9       17.32       0.000
N      971.26       17.32       0.000
N      973.23       17.32       0.000
N       975.2       17.32       0.000
N      977.56       17.32       0.000
N      979.53       17.32       0.000
N       981.5       17.32       0.000
N      983.86       17.32       0.000
N      985.83       17.32       0.000
N      988.19       17.32       0.000
N       968.9      -17.32       0.000
N       968.9      -22.44       0.000
N       968.9      -27.56       0.000
N       968.9      -32.28       0.000
N       968.9       -37.4       0.000
N       968.9      -42.13       0.000
N       968.9      -47.24       0.000
N       968.9      -51.97       0.000
N       968.9      -57.09       0.000
N       968.9      -61.81       0.000
N      988.19      -17.32       0.000
N      988.19      -22.44       0.000
N      988.19      -27.56       0.000
N      988.19      -32.28       0.000
N      988.19       -37.4       0.000
N      988.19      -42.13       0.000
N      988.19      -47.24       0.000
N      988.19      -51.97       0.000
N      988.19      -57.09       0.000
N      988.19      -61.81       0.000
N       968.9      -17.32       0.000
N      971.26      -17.32       0.000
N      973.23      -17.32       0.000
N       975.2      -17.32       0.000
N      977.56      -17.32       0.000
N      979.53      -17.32       0.000
N       981.5      -17.32       0.000
N      983.86      -17.32       0.000
N      985.83      -17.32       0.000
N      988.19      -17.32       0.000
N     1279.13       17.32       0.000
N     1279.13       22.44       0.000
N     1279.13       27.56       0.000
N     1279.13       32.28       0.000
N     1279.13        37.4       0.000
N     1279.13       42.13       0.000
N     1279.13       47.24       0.000
N     1279.13       51.97       0.000
N     1279.13       57.09       0.000
N     1279.13       61.81       0.000
N     1309.84       17.32       0.000
N     1309.84       22.44       0.000
N     1309.84       27.56       0.000
N     1309.84       32.28       0.000
N     1309.84        37.4       0.000
N     1309.84       42.13       0.000
N     1309.84       47.24       0.000
N     1309.84       51.97       0.000
N     1309.84       57.09       0.000
N     1309.84       61.81       0.000
N     1279.13       17.32       0.000
N     1282.28       17.32       0.000
N     1285.83       17.32       0.000
N     1289.37       17.32       0.000
N     1292.91       17.32       0.000
N     1296.06       17.32       0.000
N     1299.61       17.32       0.000
N     1303.15       17.32       0.000
N     1306.69       17.32       0.000
N     1309.84       17.32       0.000
N     1279.13      -17.32       0.000
N     1279.13      -22.44       0.000
N     1279.13      -27.56       0.000
N     1279.13      -32.28       0.000
N     1279.13       -37.4       0.000
N     1279.13      -42.13       0.000
N     1279.13      -47.24       0.000
N     1279.13      -51.97       0.000
N     1279.13      -57.09       0.000
N     1279.13      -61.81       0.000
N     1309.84      -17.32       0.000
N     1309.84      -22.44       0.000
N     1309.84      -27.56       0.000
N     1309.84      -32.28       0.000
N     1309.84       -37.4       0.000
N     1309.84      -42.13       0.000
N     1309.84      -47.24       0.000
N     1309.84      -51.97       0.000
N     1309.84      -57.09       0.000
N     1309.84      -61.81       0.000
N     1279.13      -17.32       0.000
N     1282.28      -17.32       0.000
N     1285.83      -17.32       0.000
N     1289.37      -17.32       0.000
N     1292.91      -17.32       0.000
N     1296.06      -17.32       0.000
N     1299.61      -17.32       0.000
N     1303.15      -17.32       0.000
N     1306.69      -17.32       0.000
N     1309.84      -17.32       0.000
N      885.04      -17.32       0.000
N      885.04      -22.44       0.000
N      885.04      -27.56       0.000
N      885.04      -32.28       0.000
N      885.04       -37.4       0.000
N      885.04      -42.13       0.000
N      885.04      -47.24       0.000
N      885.04      -51.97       0.000
N      885.04      -57.09       0.000
N      885.04      -61.81       0.000
N      916.14      -17.32       0.000
N      916.14      -22.44       0.000
N      916.14      -27.56       0.000
N      916.14      -32.28       0.000
N      916.14       -37.4       0.000
N      916.14      -42.13       0.000
N      916.14      -47.24       0.000
N      916.14      -51.97       0.000
N      916.14      -57.09       0.000
N      916.14      -61.81       0.000
N      885.04      -17.32       0.000
N      888.58      -17.32       0.000
N      891.73      -17.32       0.000
N      895.28      -17.32       0.000
N      898.82      -17.32       0.000
N      902.36      -17.32       0.000
N      905.51      -17.32       0.000
N      909.06      -17.32       0.000
N       912.6      -17.32       0.000
N      916.14      -17.32       0.000
