0.42|11.5|1.12|12@4|1@2
0.2|0.4|0.42|0.4|0.005|250|2500
13 1.17 0.42
13 1.96 0.42
13 2.74 0.42
13 3.53 0.42
13 4.32 0.42
13 1.17 0.85
13 1.96 0.85
13 2.74 0.85
13 3.53 0.85
13 4.32 0.85
13 0.38 -0.42
13 1.17 -0.42
13 1.96 -0.42
13 2.74 -0.42
13 3.53 -0.42
13 4.32 -0.42
13 0.38 -0.85
13 1.17 -0.85
13 1.96 -0.85
13 2.74 -0.85
13 3.53 -0.85
13 4.32 -0.85
13 5.82 0.42
13 6.60 0.42
13 7.39 0.42
13 8.18 0.42
13 8.97 0.42
13 9.75 0.42
13 10.54 0.42
13 5.82 0.85
13 6.60 0.85
13 7.39 0.85
13 8.18 0.85
13 8.97 0.85
13 9.75 0.85
13 10.54 0.85
13 5.82 -0.42
13 6.60 -0.42
13 7.39 -0.42
13 8.18 -0.42
13 8.97 -0.42
13 9.75 -0.42
13 10.54 -0.42
13 5.82 -0.85
13 6.60 -0.85
13 7.39 -0.85
13 8.18 -0.85
13 8.97 -0.85
13 9.75 -0.85
13 10.54 -0.85
16 0.79 0.42
16 1.57 0.42
16 2.36 0.42
16 3.15 0.42
16 3.94 0.42
16 0.79 0.85
16 1.57 0.85
16 2.36 0.85
16 3.15 0.85
16 3.94 0.85
16 0.00 -0.42
16 0.79 -0.42
16 1.57 -0.42
16 2.36 -0.42
16 3.15 -0.42
16 3.94 -0.42
16 0.00 -0.85
16 0.79 -0.85
16 1.57 -0.85
16 2.36 -0.85
16 3.15 -0.85
16 3.94 -0.85
16 5.44 0.42
16 6.22 0.42
16 7.01 0.42
16 7.80 0.42
16 8.59 0.42
16 9.37 0.42
16 10.16 0.42
16 5.44 0.85
16 6.22 0.85
16 7.01 0.85
16 7.80 0.85
16 8.59 0.85
16 9.37 0.85
16 10.16 0.85
16 5.44 -0.42
16 6.22 -0.42
16 7.01 -0.42
16 7.80 -0.42
16 8.59 -0.42
16 9.37 -0.42
16 10.16 -0.42
16 5.44 -0.85
16 6.22 -0.85
16 7.01 -0.85
16 7.80 -0.85
16 8.59 -0.85
16 9.37 -0.85
16 10.16 -0.85
16 -1.18 1.12
16 -1.05 1.12
16 -0.93 1.12
16 -0.80 1.12
16 -0.67 1.12
16 -0.54 1.12
16 -0.41 1.12
16 -0.29 1.12
16 -0.16 1.12
16 -0.03 1.12
16 0.10 1.12
16 0.22 1.12
16 0.35 1.12
16 0.48 1.12
16 0.61 1.12
16 0.74 1.12
16 0.86 1.12
16 0.99 1.12
16 1.12 1.12
16 1.25 1.12
16 1.37 1.12
16 1.50 1.12
16 1.63 1.12
16 1.76 1.12
16 1.89 1.12
16 2.01 1.12
16 2.14 1.12
16 2.27 1.12
16 2.40 1.12
16 2.52 1.12
16 2.65 1.12
16 2.78 1.12
16 2.91 1.12
16 3.04 1.12
16 3.16 1.12
16 3.29 1.12
16 3.42 1.12
16 3.55 1.12
16 3.67 1.12
16 3.80 1.12
16 3.93 1.12
16 4.06 1.12
16 4.19 1.12
16 4.31 1.12
16 4.44 1.12
16 4.57 1.12
16 4.70 1.12
16 4.82 1.12
16 4.95 1.12
16 5.08 1.12
16 5.21 1.12
16 5.34 1.12
16 5.46 1.12
16 5.59 1.12
16 5.72 1.12
16 5.85 1.12
16 5.97 1.12
16 6.10 1.12
16 6.23 1.12
16 6.36 1.12
16 6.49 1.12
16 6.61 1.12
16 6.74 1.12
16 6.87 1.12
16 7.00 1.12
16 7.12 1.12
16 7.25 1.12
16 7.38 1.12
16 7.51 1.12
16 7.64 1.12
16 7.76 1.12
16 7.89 1.12
16 8.02 1.12
16 8.15 1.12
16 8.27 1.12
16 8.40 1.12
16 8.53 1.12
16 8.66 1.12
16 8.79 1.12
16 8.91 1.12
16 9.04 1.12
16 9.17 1.12
16 9.30 1.12
16 9.42 1.12
16 9.55 1.12
16 9.68 1.12
16 9.81 1.12
16 9.94 1.12
16 10.06 1.12
16 10.19 1.12
16 10.32 1.12
16 10.45 1.12
16 10.57 1.12
16 10.70 1.12
16 10.83 1.12
16 10.96 1.12
16 11.09 1.12
16 11.21 1.12
16 11.34 1.12
16 -1.18 -1.12
16 -1.05 -1.12
16 -0.93 -1.12
16 -0.80 -1.12
16 -0.67 -1.12
16 -0.54 -1.12
16 -0.41 -1.12
16 -0.29 -1.12
16 -0.16 -1.12
16 -0.03 -1.12
16 0.10 -1.12
16 0.22 -1.12
16 0.35 -1.12
16 0.48 -1.12
16 0.61 -1.12
16 0.74 -1.12
16 0.86 -1.12
16 0.99 -1.12
16 1.12 -1.12
16 1.25 -1.12
16 1.37 -1.12
16 1.50 -1.12
16 1.63 -1.12
16 1.76 -1.12
16 1.89 -1.12
16 2.01 -1.12
16 2.14 -1.12
16 2.27 -1.12
16 2.40 -1.12
16 2.52 -1.12
16 2.65 -1.12
16 2.78 -1.12
16 2.91 -1.12
16 3.04 -1.12
16 3.16 -1.12
16 3.29 -1.12
16 3.42 -1.12
16 3.55 -1.12
16 3.67 -1.12
16 3.80 -1.12
16 3.93 -1.12
16 4.06 -1.12
16 4.19 -1.12
16 4.31 -1.12
16 4.44 -1.12
16 4.57 -1.12
16 4.70 -1.12
16 4.82 -1.12
16 4.95 -1.12
16 5.08 -1.12
16 5.21 -1.12
16 5.34 -1.12
16 5.46 -1.12
16 5.59 -1.12
16 5.72 -1.12
16 5.85 -1.12
16 5.97 -1.12
16 6.10 -1.12
16 6.23 -1.12
16 6.36 -1.12
16 6.49 -1.12
16 6.61 -1.12
16 6.74 -1.12
16 6.87 -1.12
16 7.00 -1.12
16 7.12 -1.12
16 7.25 -1.12
16 7.38 -1.12
16 7.51 -1.12
16 7.64 -1.12
16 7.76 -1.12
16 7.89 -1.12
16 8.02 -1.12
16 8.15 -1.12
16 8.27 -1.12
16 8.40 -1.12
16 8.53 -1.12
16 8.66 -1.12
16 8.79 -1.12
16 8.91 -1.12
16 9.04 -1.12
16 9.17 -1.12
16 9.30 -1.12
16 9.42 -1.12
16 9.55 -1.12
16 9.68 -1.12
16 9.81 -1.12
16 9.94 -1.12
16 10.06 -1.12
16 10.19 -1.12
16 10.32 -1.12
16 10.45 -1.12
16 10.57 -1.12
16 10.70 -1.12
16 10.83 -1.12
16 10.96 -1.12
16 11.09 -1.12
16 11.21 -1.12
16 11.34 -1.12
16 -1.18 -1.12
16 -1.18 -0.99
16 -1.18 -0.85
16 -1.18 -0.72
16 -1.18 -0.59
16 -1.18 -0.46
16 -1.18 -0.33
16 -1.18 -0.20
16 -1.18 -0.07
16 -1.18 0.07
16 -1.18 0.20
16 -1.18 0.33
16 -1.18 0.46
16 -1.18 0.59
16 -1.18 0.72
16 -1.18 0.85
16 -1.18 0.99
16 -1.18 1.12
16 12.26 -1.12
16 12.26 -0.99
16 12.26 -0.85
16 12.26 -0.72
16 12.26 -0.59
16 12.26 -0.46
16 12.26 -0.33
16 12.26 -0.20
16 12.26 -0.07
16 12.26 0.07
16 12.26 0.20
16 12.26 0.33
16 12.26 0.46
16 12.26 0.59
16 12.26 0.72
16 12.26 0.85
16 12.26 0.99
16 12.26 -1.12
16 12.23 1.12
16 12.20 1.12
16 11.34 -1.12
16 11.49 -1.12
16 11.65 -1.12
16 11.80 -1.12
16 11.95 -1.12
16 12.10 -1.12
16 12.26 -1.12
16 -0.38 0.42
16 -0.38 0.56
16 -0.38 0.70
16 -0.38 0.84
16 -0.38 0.98
16 -0.38 1.12
16 0.05 0.42
16 0.05 0.56
16 0.05 0.70
16 0.05 0.84
16 0.05 0.98
16 0.05 1.12
16 -0.38 0.42
16 -0.24 0.42
16 -0.09 0.42
16 0.05 0.42
16 11.02 -1.09
16 11.02 -0.95
16 11.02 -0.81
16 11.02 -0.67
16 11.02 -0.53
16 11.02 -0.39
16 11.02 1.09
16 11.02 0.95
16 11.02 0.81
16 11.02 0.67
16 11.02 0.53
16 11.02 0.39
