U         0.0       53.94       0.000
U         0.0       35.83       0.000
U         0.0       18.11       0.000
U         0.0      -53.94       0.000
U         0.0      -35.83       0.000
U         0.0      -18.11       0.000
U         0.0       68.11       0.000
U        5.12       68.11       0.000
U        9.84       68.11       0.000
U       14.96       68.11       0.000
U       20.08       68.11       0.000
U         0.0      -68.11       0.000
U        5.12      -68.11       0.000
U        9.84      -68.11       0.000
U       14.96      -68.11       0.000
U       20.08      -68.11       0.000
N        31.1       53.94       0.000
N       61.81       53.94       0.000
N       92.91       53.94       0.000
N      124.02       53.94       0.000
N      155.12       53.94       0.000
N      185.83       53.94       0.000
N      216.93       53.94       0.000
N      248.03       53.94       0.000
N      279.13       53.94       0.000
N      309.84       53.94       0.000
N      340.94       53.94       0.000
N      372.05       53.94       0.000
N      403.15       53.94       0.000
N      433.86       53.94       0.000
N      464.96       53.94       0.000
N      511.81       53.94       0.000
N      559.06       53.94       0.000
N      590.16       53.94       0.000
N      620.87       53.94       0.000
N      651.97       53.94       0.000
N      683.07       53.94       0.000
N        31.1       35.83       0.000
N       61.81       35.83       0.000
N       92.91       35.83       0.000
N      124.02       35.83       0.000
N      155.12       35.83       0.000
N      185.83       35.83       0.000
N      216.93       35.83       0.000
N      248.03       35.83       0.000
N      279.13       35.83       0.000
N      309.84       35.83       0.000
N      340.94       35.83       0.000
N      372.05       35.83       0.000
N      403.15       35.83       0.000
N      433.86       35.83       0.000
N      464.96       35.83       0.000
N      511.81       35.83       0.000
N      559.06       35.83       0.000
N      590.16       35.83       0.000
N      620.87       35.83       0.000
N      651.97       35.83       0.000
N      683.07       35.83       0.000
N        31.1       18.11       0.000
N       61.81       18.11       0.000
N       92.91       18.11       0.000
N      124.02       18.11       0.000
N      155.12       18.11       0.000
N      185.83       18.11       0.000
N      216.93       18.11       0.000
N      248.03       18.11       0.000
N      279.13       18.11       0.000
N      309.84       18.11       0.000
N      340.94       18.11       0.000
N      372.05       18.11       0.000
N      403.15       18.11       0.000
N      433.86       18.11       0.000
N      464.96       18.11       0.000
N      511.81       18.11       0.000
N      559.06       18.11       0.000
N      590.16       18.11       0.000
N      620.87       18.11       0.000
N      651.97       18.11       0.000
N      683.07       18.11       0.000
N        31.1      -53.94       0.000
N       61.81      -53.94       0.000
N       92.91      -53.94       0.000
N      124.02      -53.94       0.000
N      155.12      -53.94       0.000
N      185.83      -53.94       0.000
N      216.93      -53.94       0.000
N      248.03      -53.94       0.000
N      279.13      -53.94       0.000
N      309.84      -53.94       0.000
N      340.94      -53.94       0.000
N      372.05      -53.94       0.000
N      403.15      -53.94       0.000
N      433.86      -53.94       0.000
N      464.96      -53.94       0.000
N      511.81      -53.94       0.000
N      559.06      -53.94       0.000
N      590.16      -53.94       0.000
N      620.87      -53.94       0.000
N      651.97      -53.94       0.000
N      683.07      -53.94       0.000
N        31.1      -35.83       0.000
N       61.81      -35.83       0.000
N       92.91      -35.83       0.000
N      124.02      -35.83       0.000
N      155.12      -35.83       0.000
N      185.83      -35.83       0.000
N      216.93      -35.83       0.000
N      248.03      -35.83       0.000
N      279.13      -35.83       0.000
N      309.84      -35.83       0.000
N      340.94      -35.83       0.000
N      372.05      -35.83       0.000
N      403.15      -35.83       0.000
N      433.86      -35.83       0.000
N      464.96      -35.83       0.000
N      511.81      -35.83       0.000
N      559.06      -35.83       0.000
N      590.16      -35.83       0.000
N      620.87      -35.83       0.000
N      651.97      -35.83       0.000
N      683.07      -35.83       0.000
N        31.1      -18.11       0.000
N       61.81      -18.11       0.000
N       92.91      -18.11       0.000
N      124.02      -18.11       0.000
N      155.12      -18.11       0.000
N      185.83      -18.11       0.000
N      216.93      -18.11       0.000
N      248.03      -18.11       0.000
N      279.13      -18.11       0.000
N      309.84      -18.11       0.000
N      340.94      -18.11       0.000
N      372.05      -18.11       0.000
N      403.15      -18.11       0.000
N      433.86      -18.11       0.000
N      464.96      -18.11       0.000
N      511.81      -18.11       0.000
N      559.06      -18.11       0.000
N      590.16      -18.11       0.000
N      620.87      -18.11       0.000
N      651.97      -18.11       0.000
N      683.07      -18.11       0.000
N      729.92       51.97       0.000
N       774.8       51.97       0.000
N      820.08       51.97       0.000
N      729.92        31.1       0.000
N       774.8        31.1       0.000
N      820.08        31.1       0.000
N      729.92      -51.97       0.000
N       774.8      -51.97       0.000
N      820.08      -51.97       0.000
N      729.92       -31.1       0.000
N       774.8       -31.1       0.000
N      820.08       -31.1       0.000
N      -20.08       68.11       0.000
N      -14.96       68.11       0.000
N       -9.84       68.11       0.000
N       -5.12       68.11       0.000
N        25.2       68.11       0.000
N       29.92       68.11       0.000
N       35.04       68.11       0.000
N       40.16       68.11       0.000
N       44.88       68.11       0.000
N        50.0       68.11       0.000
N       55.12       68.11       0.000
N       59.84       68.11       0.000
N       64.96       68.11       0.000
N       70.08       68.11       0.000
N        75.2       68.11       0.000
N       79.92       68.11       0.000
N       85.04       68.11       0.000
N       90.16       68.11       0.000
N       94.88       68.11       0.000
N       100.0       68.11       0.000
N      105.12       68.11       0.000
N      109.84       68.11       0.000
N      114.96       68.11       0.000
N      120.08       68.11       0.000
N       124.8       68.11       0.000
N      129.92       68.11       0.000
N      135.04       68.11       0.000
N      140.16       68.11       0.000
N      144.88       68.11       0.000
N       150.0       68.11       0.000
N      155.12       68.11       0.000
N      159.84       68.11       0.000
N      164.96       68.11       0.000
N      170.08       68.11       0.000
N       174.8       68.11       0.000
N      179.92       68.11       0.000
N      185.04       68.11       0.000
N      190.16       68.11       0.000
N      194.88       68.11       0.000
N       200.0       68.11       0.000
N      205.12       68.11       0.000
N      209.84       68.11       0.000
N      214.96       68.11       0.000
N      220.08       68.11       0.000
N       224.8       68.11       0.000
N      229.92       68.11       0.000
N      235.04       68.11       0.000
N      240.16       68.11       0.000
N      244.88       68.11       0.000
N       250.0       68.11       0.000
N      255.12       68.11       0.000
N      259.84       68.11       0.000
N      264.96       68.11       0.000
N      270.08       68.11       0.000
N       274.8       68.11       0.000
N      279.92       68.11       0.000
N      285.04       68.11       0.000
N      290.16       68.11       0.000
N      294.88       68.11       0.000
N       300.0       68.11       0.000
N      305.12       68.11       0.000
N      309.84       68.11       0.000
N      314.96       68.11       0.000
N      320.08       68.11       0.000
N       324.8       68.11       0.000
N      329.92       68.11       0.000
N      335.04       68.11       0.000
N      340.16       68.11       0.000
N      344.88       68.11       0.000
N       350.0       68.11       0.000
N      355.12       68.11       0.000
N      359.84       68.11       0.000
N      364.96       68.11       0.000
N      370.08       68.11       0.000
N       375.2       68.11       0.000
N      379.92       68.11       0.000
N      385.04       68.11       0.000
N      390.16       68.11       0.000
N      394.88       68.11       0.000
N       400.0       68.11       0.000
N      405.12       68.11       0.000
N      409.84       68.11       0.000
N      414.96       68.11       0.000
N      420.08       68.11       0.000
N       424.8       68.11       0.000
N      429.92       68.11       0.000
N      435.04       68.11       0.000
N      440.16       68.11       0.000
N      444.88       68.11       0.000
N       450.0       68.11       0.000
N      455.12       68.11       0.000
N      459.84       68.11       0.000
N      464.96       68.11       0.000
N      470.08       68.11       0.000
N       474.8       68.11       0.000
N      479.92       68.11       0.000
N      485.04       68.11       0.000
N      490.16       68.11       0.000
N      494.88       68.11       0.000
N       500.0       68.11       0.000
N      505.12       68.11       0.000
N      509.84       68.11       0.000
N      514.96       68.11       0.000
N      520.08       68.11       0.000
N       524.8       68.11       0.000
N      529.92       68.11       0.000
N      535.04       68.11       0.000
N      540.16       68.11       0.000
N      544.88       68.11       0.000
N       550.0       68.11       0.000
N      555.12       68.11       0.000
N      559.84       68.11       0.000
N      564.96       68.11       0.000
N      570.08       68.11       0.000
N       574.8       68.11       0.000
N      579.92       68.11       0.000
N      585.04       68.11       0.000
N      590.16       68.11       0.000
N      594.88       68.11       0.000
N       600.0       68.11       0.000
N      605.12       68.11       0.000
N      609.84       68.11       0.000
N      614.96       68.11       0.000
N      620.08       68.11       0.000
N       625.2       68.11       0.000
N      629.92       68.11       0.000
N      635.04       68.11       0.000
N      640.16       68.11       0.000
N      644.88       68.11       0.000
N       650.0       68.11       0.000
N      655.12       68.11       0.000
N      659.84       68.11       0.000
N      664.96       68.11       0.000
N      670.08       68.11       0.000
N       674.8       68.11       0.000
N      679.92       68.11       0.000
N      685.04       68.11       0.000
N      690.16       68.11       0.000
N      694.88       68.11       0.000
N       700.0       68.11       0.000
N      705.12       68.11       0.000
N      709.84       68.11       0.000
N      714.96       68.11       0.000
N      720.08       68.11       0.000
N       724.8       68.11       0.000
N      729.92       68.11       0.000
N      735.04       68.11       0.000
N      740.16       68.11       0.000
N      744.88       68.11       0.000
N       750.0       68.11       0.000
N      755.12       68.11       0.000
N      759.84       68.11       0.000
N      764.96       68.11       0.000
N      770.08       68.11       0.000
N       774.8       68.11       0.000
N      779.92       68.11       0.000
N      785.04       68.11       0.000
N      790.16       68.11       0.000
N      794.88       68.11       0.000
N       800.0       68.11       0.000
N      805.12       68.11       0.000
N      809.84       68.11       0.000
N      814.96       68.11       0.000
N      820.08       68.11       0.000
N       824.8       68.11       0.000
N      829.92       68.11       0.000
N      835.04       68.11       0.000
N      840.16       68.11       0.000
N      844.88       68.11       0.000
N       850.0       68.11       0.000
N      855.12       68.11       0.000
N      859.84       68.11       0.000
N      864.96       68.11       0.000
N      870.08       68.11       0.000
N       874.8       68.11       0.000
N      879.92       68.11       0.000
N      885.04       68.11       0.000
N      890.16       68.11       0.000
N      894.88       68.11       0.000
N       900.0       68.11       0.000
N      905.12       68.11       0.000
N      909.84       68.11       0.000
N      944.88       68.11       0.000
N      944.88       62.99       0.000
N      944.88       57.87       0.000
N      944.88       53.15       0.000
N      944.88       48.03       0.000
N      944.88       42.91       0.000
N      944.88       38.19       0.000
N      944.88       33.07       0.000
N      944.88       27.95       0.000
N      944.88       22.83       0.000
N      944.88       18.11       0.000
N      944.88       12.99       0.000
N      944.88        7.87       0.000
N      944.88        3.15       0.000
N      944.88       -1.97       0.000
N      944.88       -7.09       0.000
N      944.88      -11.81       0.000
N      944.88      -16.93       0.000
N      944.88      -22.05       0.000
N      944.88      -27.17       0.000
N      944.88      -31.89       0.000
N      944.88      -37.01       0.000
N      944.88      -42.13       0.000
N      944.88      -46.85       0.000
N      944.88      -51.97       0.000
N      944.88      -57.09       0.000
N      944.88      -61.81       0.000
N      944.88      -68.11       0.000
N      -20.08      -68.11       0.000
N      -14.96      -68.11       0.000
N       -9.84      -68.11       0.000
N       -5.12      -68.11       0.000
N        25.2      -68.11       0.000
N       29.92      -68.11       0.000
N       35.04      -68.11       0.000
N       40.16      -68.11       0.000
N       44.88      -68.11       0.000
N        50.0      -68.11       0.000
N       55.12      -68.11       0.000
N       59.84      -68.11       0.000
N       64.96      -68.11       0.000
N       70.08      -68.11       0.000
N        75.2      -68.11       0.000
N       79.92      -68.11       0.000
N       85.04      -68.11       0.000
N       90.16      -68.11       0.000
N       94.88      -68.11       0.000
N       100.0      -68.11       0.000
N      105.12      -68.11       0.000
N      109.84      -68.11       0.000
N      114.96      -68.11       0.000
N      120.08      -68.11       0.000
N       124.8      -68.11       0.000
N      129.92      -68.11       0.000
N      135.04      -68.11       0.000
N      140.16      -68.11       0.000
N      144.88      -68.11       0.000
N       150.0      -68.11       0.000
N      155.12      -68.11       0.000
N      159.84      -68.11       0.000
N      164.96      -68.11       0.000
N      170.08      -68.11       0.000
N       174.8      -68.11       0.000
N      179.92      -68.11       0.000
N      185.04      -68.11       0.000
N      190.16      -68.11       0.000
N      194.88      -68.11       0.000
N       200.0      -68.11       0.000
N      205.12      -68.11       0.000
N      209.84      -68.11       0.000
N      214.96      -68.11       0.000
N      220.08      -68.11       0.000
N       224.8      -68.11       0.000
N      229.92      -68.11       0.000
N      235.04      -68.11       0.000
N      240.16      -68.11       0.000
N      244.88      -68.11       0.000
N       250.0      -68.11       0.000
N      255.12      -68.11       0.000
N      259.84      -68.11       0.000
N      264.96      -68.11       0.000
N      270.08      -68.11       0.000
N       274.8      -68.11       0.000
N      279.92      -68.11       0.000
N      285.04      -68.11       0.000
N      290.16      -68.11       0.000
N      294.88      -68.11       0.000
N       300.0      -68.11       0.000
N      305.12      -68.11       0.000
N      309.84      -68.11       0.000
N      314.96      -68.11       0.000
N      320.08      -68.11       0.000
N       324.8      -68.11       0.000
N      329.92      -68.11       0.000
N      335.04      -68.11       0.000
N      340.16      -68.11       0.000
N      344.88      -68.11       0.000
N       350.0      -68.11       0.000
N      355.12      -68.11       0.000
N      359.84      -68.11       0.000
N      364.96      -68.11       0.000
N      370.08      -68.11       0.000
N       375.2      -68.11       0.000
N      379.92      -68.11       0.000
N      385.04      -68.11       0.000
N      390.16      -68.11       0.000
N      394.88      -68.11       0.000
N       400.0      -68.11       0.000
N      405.12      -68.11       0.000
N      409.84      -68.11       0.000
N      414.96      -68.11       0.000
N      420.08      -68.11       0.000
N       424.8      -68.11       0.000
N      429.92      -68.11       0.000
N      435.04      -68.11       0.000
N      440.16      -68.11       0.000
N      444.88      -68.11       0.000
N       450.0      -68.11       0.000
N      455.12      -68.11       0.000
N      459.84      -68.11       0.000
N      464.96      -68.11       0.000
N      470.08      -68.11       0.000
N       474.8      -68.11       0.000
N      479.92      -68.11       0.000
N      485.04      -68.11       0.000
N      490.16      -68.11       0.000
N      494.88      -68.11       0.000
N       500.0      -68.11       0.000
N      505.12      -68.11       0.000
N      509.84      -68.11       0.000
N      514.96      -68.11       0.000
N      520.08      -68.11       0.000
N       524.8      -68.11       0.000
N      529.92      -68.11       0.000
N      535.04      -68.11       0.000
N      540.16      -68.11       0.000
N      544.88      -68.11       0.000
N       550.0      -68.11       0.000
N      555.12      -68.11       0.000
N      559.84      -68.11       0.000
N      564.96      -68.11       0.000
N      570.08      -68.11       0.000
N       574.8      -68.11       0.000
N      579.92      -68.11       0.000
N      585.04      -68.11       0.000
N      590.16      -68.11       0.000
N      594.88      -68.11       0.000
N       600.0      -68.11       0.000
N      605.12      -68.11       0.000
N      609.84      -68.11       0.000
N      614.96      -68.11       0.000
N      620.08      -68.11       0.000
N       625.2      -68.11       0.000
N      629.92      -68.11       0.000
N      635.04      -68.11       0.000
N      640.16      -68.11       0.000
N      644.88      -68.11       0.000
N       650.0      -68.11       0.000
N      655.12      -68.11       0.000
N      659.84      -68.11       0.000
N      664.96      -68.11       0.000
N      670.08      -68.11       0.000
N       674.8      -68.11       0.000
N      679.92      -68.11       0.000
N      685.04      -68.11       0.000
N      690.16      -68.11       0.000
N      694.88      -68.11       0.000
N       700.0      -68.11       0.000
N      705.12      -68.11       0.000
N      709.84      -68.11       0.000
N      714.96      -68.11       0.000
N      720.08      -68.11       0.000
N       724.8      -68.11       0.000
N      729.92      -68.11       0.000
N      735.04      -68.11       0.000
N      740.16      -68.11       0.000
N      744.88      -68.11       0.000
N       750.0      -68.11       0.000
N      755.12      -68.11       0.000
N      759.84      -68.11       0.000
N      764.96      -68.11       0.000
N      770.08      -68.11       0.000
N       774.8      -68.11       0.000
N      779.92      -68.11       0.000
N      785.04      -68.11       0.000
N      790.16      -68.11       0.000
N      794.88      -68.11       0.000
N       800.0      -68.11       0.000
N      805.12      -68.11       0.000
N      809.84      -68.11       0.000
N      814.96      -68.11       0.000
N      820.08      -68.11       0.000
N       824.8      -68.11       0.000
N      829.92      -68.11       0.000
N      835.04      -68.11       0.000
N      840.16      -68.11       0.000
N      844.88      -68.11       0.000
N       850.0      -68.11       0.000
N      855.12      -68.11       0.000
N      859.84      -68.11       0.000
N      864.96      -68.11       0.000
N      870.08      -68.11       0.000
N       874.8      -68.11       0.000
N      879.92      -68.11       0.000
N      885.04      -68.11       0.000
N      890.16      -68.11       0.000
N      894.88      -68.11       0.000
N       900.0      -68.11       0.000
N      905.12      -68.11       0.000
N      909.84      -68.11       0.000
N      914.96      -68.11       0.000
N      920.08      -68.11       0.000
N       924.8      -68.11       0.000
N      931.89      -68.11       0.000
N      940.16      -68.11       0.000
N      -20.08       68.11       0.000
N      -20.08       62.99       0.000
N      -20.08       57.87       0.000
N      -20.08       53.15       0.000
N      -20.08       48.03       0.000
N      -20.08       42.91       0.000
N      -20.08       38.19       0.000
N      -20.08       33.07       0.000
N      -20.08       27.95       0.000
N      -20.08       22.83       0.000
N      -20.08       18.11       0.000
N      -20.08       12.99       0.000
N      -20.08        7.87       0.000
N      -20.08        3.15       0.000
N      -20.08       -1.97       0.000
N      -20.08       -7.09       0.000
N      -20.08      -11.81       0.000
N      -20.08      -16.93       0.000
N      -20.08      -22.05       0.000
N      -20.08      -27.17       0.000
N      -20.08      -31.89       0.000
N      -20.08      -37.01       0.000
N      -20.08      -42.13       0.000
N      -20.08      -46.85       0.000
N      -20.08      -51.97       0.000
N      -20.08      -57.09       0.000
N      -20.08      -61.81       0.000
N      -20.08      -68.11       0.000
N      864.96       53.94       0.000
N      909.84       53.94       0.000
N      864.96       35.83       0.000
N      909.84       35.83       0.000
N      864.96       18.11       0.000
N      909.84       18.11       0.000
N      864.96      -53.94       0.000
N      909.84      -53.94       0.000
N      864.96      -35.83       0.000
N      909.84      -35.83       0.000
N      864.96      -18.11       0.000
N      909.84      -18.11       0.000
N      888.19      -18.11       0.000
N      888.19       18.11       0.000
