U         0.0      -16.54       0.000
U         0.0      -33.46       0.000
U        3.94       44.09       0.000
U        8.66       44.09       0.000
U        3.94      -44.09       0.000
U        8.66      -44.09       0.000
N        31.1       16.54       0.000
N       61.81       16.54       0.000
N       92.91       16.54       0.000
N      124.02       16.54       0.000
N      155.12       16.54       0.000
N        31.1       33.46       0.000
N       61.81       33.46       0.000
N       92.91       33.46       0.000
N      124.02       33.46       0.000
N      155.12       33.46       0.000
N        31.1      -16.54       0.000
N       61.81      -16.54       0.000
N       92.91      -16.54       0.000
N      124.02      -16.54       0.000
N      155.12      -16.54       0.000
N        31.1      -33.46       0.000
N       61.81      -33.46       0.000
N       92.91      -33.46       0.000
N      124.02      -33.46       0.000
N      155.12      -33.46       0.000
N      214.17       16.54       0.000
N      244.88       16.54       0.000
N      275.98       16.54       0.000
N      307.09       16.54       0.000
N      338.19       16.54       0.000
N       368.9       16.54       0.000
N       400.0       16.54       0.000
N      214.17       33.46       0.000
N      244.88       33.46       0.000
N      275.98       33.46       0.000
N      307.09       33.46       0.000
N      338.19       33.46       0.000
N       368.9       33.46       0.000
N       400.0       33.46       0.000
N      214.17      -16.54       0.000
N      244.88      -16.54       0.000
N      275.98      -16.54       0.000
N      307.09      -16.54       0.000
N      338.19      -16.54       0.000
N       368.9      -16.54       0.000
N       400.0      -16.54       0.000
N      214.17      -33.46       0.000
N      244.88      -33.46       0.000
N      275.98      -33.46       0.000
N      307.09      -33.46       0.000
N      338.19      -33.46       0.000
N       368.9      -33.46       0.000
N       400.0      -33.46       0.000
N      -46.46       44.09       0.000
N      -41.34       44.09       0.000
N      -36.61       44.09       0.000
N       -31.5       44.09       0.000
N      -26.38       44.09       0.000
N      -21.26       44.09       0.000
N      -16.14       44.09       0.000
N      -11.42       44.09       0.000
N        -6.3       44.09       0.000
N       -1.18       44.09       0.000
N       13.78       44.09       0.000
N        18.9       44.09       0.000
N       24.02       44.09       0.000
N       29.13       44.09       0.000
N       33.86       44.09       0.000
N       38.98       44.09       0.000
N       44.09       44.09       0.000
N       49.21       44.09       0.000
N       53.94       44.09       0.000
N       59.06       44.09       0.000
N       64.17       44.09       0.000
N       69.29       44.09       0.000
N       74.41       44.09       0.000
N       79.13       44.09       0.000
N       84.25       44.09       0.000
N       89.37       44.09       0.000
N       94.49       44.09       0.000
N       99.21       44.09       0.000
N      104.33       44.09       0.000
N      109.45       44.09       0.000
N      114.57       44.09       0.000
N      119.69       44.09       0.000
N      124.41       44.09       0.000
N      129.53       44.09       0.000
N      134.65       44.09       0.000
N      139.76       44.09       0.000
N      144.49       44.09       0.000
N      149.61       44.09       0.000
N      154.72       44.09       0.000
N      159.84       44.09       0.000
N      164.96       44.09       0.000
N      169.69       44.09       0.000
N       174.8       44.09       0.000
N      179.92       44.09       0.000
N      185.04       44.09       0.000
N      189.76       44.09       0.000
N      194.88       44.09       0.000
N       200.0       44.09       0.000
N      205.12       44.09       0.000
N      210.24       44.09       0.000
N      214.96       44.09       0.000
N      220.08       44.09       0.000
N       225.2       44.09       0.000
N      230.31       44.09       0.000
N      235.04       44.09       0.000
N      240.16       44.09       0.000
N      245.28       44.09       0.000
N      250.39       44.09       0.000
N      255.51       44.09       0.000
N      260.24       44.09       0.000
N      265.35       44.09       0.000
N      270.47       44.09       0.000
N      275.59       44.09       0.000
N      280.31       44.09       0.000
N      285.43       44.09       0.000
N      290.55       44.09       0.000
N      295.67       44.09       0.000
N      300.79       44.09       0.000
N      305.51       44.09       0.000
N      310.63       44.09       0.000
N      315.75       44.09       0.000
N      320.87       44.09       0.000
N      325.59       44.09       0.000
N      330.71       44.09       0.000
N      335.83       44.09       0.000
N      340.94       44.09       0.000
N      346.06       44.09       0.000
N      350.79       44.09       0.000
N      355.91       44.09       0.000
N      361.02       44.09       0.000
N      366.14       44.09       0.000
N      370.87       44.09       0.000
N      375.98       44.09       0.000
N       381.1       44.09       0.000
N      386.22       44.09       0.000
N      391.34       44.09       0.000
N      396.06       44.09       0.000
N      401.18       44.09       0.000
N       406.3       44.09       0.000
N      411.42       44.09       0.000
N      416.14       44.09       0.000
N      421.26       44.09       0.000
N      426.38       44.09       0.000
N       431.5       44.09       0.000
N      436.61       44.09       0.000
N      441.34       44.09       0.000
N      446.46       44.09       0.000
N      -46.46      -44.09       0.000
N      -41.34      -44.09       0.000
N      -36.61      -44.09       0.000
N       -31.5      -44.09       0.000
N      -26.38      -44.09       0.000
N      -21.26      -44.09       0.000
N      -16.14      -44.09       0.000
N      -11.42      -44.09       0.000
N        -6.3      -44.09       0.000
N       -1.18      -44.09       0.000
N       13.78      -44.09       0.000
N        18.9      -44.09       0.000
N       24.02      -44.09       0.000
N       29.13      -44.09       0.000
N       33.86      -44.09       0.000
N       38.98      -44.09       0.000
N       44.09      -44.09       0.000
N       49.21      -44.09       0.000
N       53.94      -44.09       0.000
N       59.06      -44.09       0.000
N       64.17      -44.09       0.000
N       69.29      -44.09       0.000
N       74.41      -44.09       0.000
N       79.13      -44.09       0.000
N       84.25      -44.09       0.000
N       89.37      -44.09       0.000
N       94.49      -44.09       0.000
N       99.21      -44.09       0.000
N      104.33      -44.09       0.000
N      109.45      -44.09       0.000
N      114.57      -44.09       0.000
N      119.69      -44.09       0.000
N      124.41      -44.09       0.000
N      129.53      -44.09       0.000
N      134.65      -44.09       0.000
N      139.76      -44.09       0.000
N      144.49      -44.09       0.000
N      149.61      -44.09       0.000
N      154.72      -44.09       0.000
N      159.84      -44.09       0.000
N      164.96      -44.09       0.000
N      169.69      -44.09       0.000
N       174.8      -44.09       0.000
N      179.92      -44.09       0.000
N      185.04      -44.09       0.000
N      189.76      -44.09       0.000
N      194.88      -44.09       0.000
N       200.0      -44.09       0.000
N      205.12      -44.09       0.000
N      210.24      -44.09       0.000
N      214.96      -44.09       0.000
N      220.08      -44.09       0.000
N       225.2      -44.09       0.000
N      230.31      -44.09       0.000
N      235.04      -44.09       0.000
N      240.16      -44.09       0.000
N      245.28      -44.09       0.000
N      250.39      -44.09       0.000
N      255.51      -44.09       0.000
N      260.24      -44.09       0.000
N      265.35      -44.09       0.000
N      270.47      -44.09       0.000
N      275.59      -44.09       0.000
N      280.31      -44.09       0.000
N      285.43      -44.09       0.000
N      290.55      -44.09       0.000
N      295.67      -44.09       0.000
N      300.79      -44.09       0.000
N      305.51      -44.09       0.000
N      310.63      -44.09       0.000
N      315.75      -44.09       0.000
N      320.87      -44.09       0.000
N      325.59      -44.09       0.000
N      330.71      -44.09       0.000
N      335.83      -44.09       0.000
N      340.94      -44.09       0.000
N      346.06      -44.09       0.000
N      350.79      -44.09       0.000
N      355.91      -44.09       0.000
N      361.02      -44.09       0.000
N      366.14      -44.09       0.000
N      370.87      -44.09       0.000
N      375.98      -44.09       0.000
N       381.1      -44.09       0.000
N      386.22      -44.09       0.000
N      391.34      -44.09       0.000
N      396.06      -44.09       0.000
N      401.18      -44.09       0.000
N       406.3      -44.09       0.000
N      411.42      -44.09       0.000
N      416.14      -44.09       0.000
N      421.26      -44.09       0.000
N      426.38      -44.09       0.000
N       431.5      -44.09       0.000
N      436.61      -44.09       0.000
N      441.34      -44.09       0.000
N      446.46      -44.09       0.000
N      -46.46      -44.09       0.000
N      -46.46      -38.98       0.000
N      -46.46      -33.46       0.000
N      -46.46      -28.35       0.000
N      -46.46      -23.23       0.000
N      -46.46      -18.11       0.000
N      -46.46      -12.99       0.000
N      -46.46       -7.87       0.000
N      -46.46       -2.76       0.000
N      -46.46        2.76       0.000
N      -46.46        7.87       0.000
N      -46.46       12.99       0.000
N      -46.46       18.11       0.000
N      -46.46       23.23       0.000
N      -46.46       28.35       0.000
N      -46.46       33.46       0.000
N      -46.46       38.98       0.000
N      -46.46       44.09       0.000
N      482.68      -44.09       0.000
N      482.68      -38.98       0.000
N      482.68      -33.46       0.000
N      482.68      -28.35       0.000
N      482.68      -23.23       0.000
N      482.68      -18.11       0.000
N      482.68      -12.99       0.000
N      482.68       -7.87       0.000
N      482.68       -2.76       0.000
N      482.68        2.76       0.000
N      482.68        7.87       0.000
N      482.68       12.99       0.000
N      482.68       18.11       0.000
N      482.68       23.23       0.000
N      482.68       28.35       0.000
N      482.68       33.46       0.000
N      482.68       38.98       0.000
N      482.68      -44.09       0.000
N       481.5       44.09       0.000
N      480.31       44.09       0.000
N      446.46      -44.09       0.000
N      452.36      -44.09       0.000
N      458.66      -44.09       0.000
N      464.57      -44.09       0.000
N      470.47      -44.09       0.000
N      476.38      -44.09       0.000
N      482.68      -44.09       0.000
N      -14.96       16.54       0.000
N      -14.96       22.05       0.000
N      -14.96       27.56       0.000
N      -14.96       33.07       0.000
N      -14.96       38.58       0.000
N      -14.96       44.09       0.000
N        1.97       16.54       0.000
N        1.97       22.05       0.000
N        1.97       27.56       0.000
N        1.97       33.07       0.000
N        1.97       38.58       0.000
N        1.97       44.09       0.000
N      -14.96       16.54       0.000
N       -9.45       16.54       0.000
N       -3.54       16.54       0.000
N        1.97       16.54       0.000
N      433.86      -42.91       0.000
N      433.86       -37.4       0.000
N      433.86      -31.89       0.000
N      433.86      -26.38       0.000
N      433.86      -20.87       0.000
N      433.86      -15.35       0.000
N      433.86       42.91       0.000
N      433.86        37.4       0.000
N      433.86       31.89       0.000
N      433.86       26.38       0.000
N      433.86       20.87       0.000
N      433.86       15.35       0.000
