U         0.0       51.18       0.000
U         0.0       33.86       0.000
U         0.0       16.54       0.000
U         0.0      -51.18       0.000
U         0.0      -33.86       0.000
U         0.0      -16.54       0.000
U         0.0        68.9       0.000
U        5.12        68.9       0.000
U        9.84        68.9       0.000
U       14.96        68.9       0.000
U       20.08        68.9       0.000
U        25.2        68.9       0.000
U       29.92        68.9       0.000
U         0.0       -68.9       0.000
U        5.12       -68.9       0.000
U        9.84       -68.9       0.000
U       14.96       -68.9       0.000
U       20.08       -68.9       0.000
U        25.2       -68.9       0.000
U       29.92       -68.9       0.000
N        31.1       51.18       0.000
N       61.81       51.18       0.000
N       92.91       51.18       0.000
N      124.02       51.18       0.000
N      155.12       51.18       0.000
N      185.83       51.18       0.000
N      216.93       51.18       0.000
N      248.03       51.18       0.000
N      279.13       51.18       0.000
N      309.84       51.18       0.000
N      340.94       51.18       0.000
N      372.05       51.18       0.000
N      403.15       51.18       0.000
N      433.86       51.18       0.000
N      464.96       51.18       0.000
N      496.06       51.18       0.000
N      527.17       51.18       0.000
N      557.87       51.18       0.000
N      605.12       51.18       0.000
N      651.97       51.18       0.000
N      688.19       51.18       0.000
N      724.02       51.18       0.000
N      759.84       51.18       0.000
N      796.06       51.18       0.000
N      831.89       51.18       0.000
N        31.1       33.86       0.000
N       61.81       33.86       0.000
N       92.91       33.86       0.000
N      124.02       33.86       0.000
N      155.12       33.86       0.000
N      185.83       33.86       0.000
N      216.93       33.86       0.000
N      248.03       33.86       0.000
N      279.13       33.86       0.000
N      309.84       33.86       0.000
N      340.94       33.86       0.000
N      372.05       33.86       0.000
N      403.15       33.86       0.000
N      433.86       33.86       0.000
N      464.96       33.86       0.000
N      496.06       33.86       0.000
N      527.17       33.86       0.000
N      557.87       33.86       0.000
N      605.12       33.86       0.000
N      651.97       33.86       0.000
N      688.19       33.86       0.000
N      724.02       33.86       0.000
N      759.84       33.86       0.000
N      796.06       33.86       0.000
N      831.89       33.86       0.000
N        31.1       16.54       0.000
N       61.81       16.54       0.000
N       92.91       16.54       0.000
N      124.02       16.54       0.000
N      155.12       16.54       0.000
N      185.83       16.54       0.000
N      216.93       16.54       0.000
N      248.03       16.54       0.000
N      279.13       16.54       0.000
N      309.84       16.54       0.000
N      340.94       16.54       0.000
N      372.05       16.54       0.000
N      403.15       16.54       0.000
N      433.86       16.54       0.000
N      464.96       16.54       0.000
N      496.06       16.54       0.000
N      527.17       16.54       0.000
N      557.87       16.54       0.000
N      605.12       16.54       0.000
N      651.97       16.54       0.000
N      688.19       16.54       0.000
N      724.02       16.54       0.000
N      759.84       16.54       0.000
N      796.06       16.54       0.000
N      831.89       16.54       0.000
N        31.1      -51.18       0.000
N       61.81      -51.18       0.000
N       92.91      -51.18       0.000
N      124.02      -51.18       0.000
N      155.12      -51.18       0.000
N      185.83      -51.18       0.000
N      216.93      -51.18       0.000
N      248.03      -51.18       0.000
N      279.13      -51.18       0.000
N      309.84      -51.18       0.000
N      340.94      -51.18       0.000
N      372.05      -51.18       0.000
N      403.15      -51.18       0.000
N      433.86      -51.18       0.000
N      464.96      -51.18       0.000
N      496.06      -51.18       0.000
N      527.17      -51.18       0.000
N      557.87      -51.18       0.000
N      605.12      -51.18       0.000
N      651.97      -51.18       0.000
N      688.19      -51.18       0.000
N      724.02      -51.18       0.000
N      759.84      -51.18       0.000
N      796.06      -51.18       0.000
N      831.89      -51.18       0.000
N        31.1      -33.86       0.000
N       61.81      -33.86       0.000
N       92.91      -33.86       0.000
N      124.02      -33.86       0.000
N      155.12      -33.86       0.000
N      185.83      -33.86       0.000
N      216.93      -33.86       0.000
N      248.03      -33.86       0.000
N      279.13      -33.86       0.000
N      309.84      -33.86       0.000
N      340.94      -33.86       0.000
N      372.05      -33.86       0.000
N      403.15      -33.86       0.000
N      433.86      -33.86       0.000
N      464.96      -33.86       0.000
N      496.06      -33.86       0.000
N      527.17      -33.86       0.000
N      557.87      -33.86       0.000
N      605.12      -33.86       0.000
N      651.97      -33.86       0.000
N      688.19      -33.86       0.000
N      724.02      -33.86       0.000
N      759.84      -33.86       0.000
N      796.06      -33.86       0.000
N      831.89      -33.86       0.000
N        31.1      -16.54       0.000
N       61.81      -16.54       0.000
N       92.91      -16.54       0.000
N      124.02      -16.54       0.000
N      155.12      -16.54       0.000
N      185.83      -16.54       0.000
N      216.93      -16.54       0.000
N      248.03      -16.54       0.000
N      279.13      -16.54       0.000
N      309.84      -16.54       0.000
N      340.94      -16.54       0.000
N      372.05      -16.54       0.000
N      403.15      -16.54       0.000
N      433.86      -16.54       0.000
N      464.96      -16.54       0.000
N      496.06      -16.54       0.000
N      527.17      -16.54       0.000
N      557.87      -16.54       0.000
N      605.12      -16.54       0.000
N      651.97      -16.54       0.000
N      688.19      -16.54       0.000
N      724.02      -16.54       0.000
N      759.84      -16.54       0.000
N      796.06      -16.54       0.000
N      831.89      -16.54       0.000
N      868.11      -16.54       0.000
N      868.11      -33.86       0.000
N       975.2       49.21       0.000
N     1012.99       49.21       0.000
N     1051.18       49.21       0.000
N     1088.98       49.21       0.000
N     1127.17       49.21       0.000
N     1164.96       49.21       0.000
N       975.2      -49.21       0.000
N     1012.99      -49.21       0.000
N     1051.18      -49.21       0.000
N     1088.98      -49.21       0.000
N     1127.17      -49.21       0.000
N     1164.96      -49.21       0.000
N       975.2       28.35       0.000
N     1012.99       28.35       0.000
N     1051.18       28.35       0.000
N     1088.98       28.35       0.000
N     1127.17       28.35       0.000
N     1164.96       28.35       0.000
N       975.2      -28.35       0.000
N     1012.99      -28.35       0.000
N     1051.18      -28.35       0.000
N     1088.98      -28.35       0.000
N     1127.17      -28.35       0.000
N     1164.96      -28.35       0.000
N      -20.08        68.9       0.000
N      -14.96        68.9       0.000
N       -9.84        68.9       0.000
N       -5.12        68.9       0.000
N       35.04        68.9       0.000
N       40.16        68.9       0.000
N       44.88        68.9       0.000
N        50.0        68.9       0.000
N       55.12        68.9       0.000
N       59.84        68.9       0.000
N       64.96        68.9       0.000
N       70.08        68.9       0.000
N        75.2        68.9       0.000
N       79.92        68.9       0.000
N       85.04        68.9       0.000
N       90.16        68.9       0.000
N       94.88        68.9       0.000
N       100.0        68.9       0.000
N      105.12        68.9       0.000
N      109.84        68.9       0.000
N      114.96        68.9       0.000
N      120.08        68.9       0.000
N       124.8        68.9       0.000
N      129.92        68.9       0.000
N      135.04        68.9       0.000
N      140.16        68.9       0.000
N      144.88        68.9       0.000
N       150.0        68.9       0.000
N      155.12        68.9       0.000
N      159.84        68.9       0.000
N      164.96        68.9       0.000
N      170.08        68.9       0.000
N       174.8        68.9       0.000
N      179.92        68.9       0.000
N      185.04        68.9       0.000
N      190.16        68.9       0.000
N      194.88        68.9       0.000
N       200.0        68.9       0.000
N      205.12        68.9       0.000
N      209.84        68.9       0.000
N      214.96        68.9       0.000
N      220.08        68.9       0.000
N       224.8        68.9       0.000
N      229.92        68.9       0.000
N      235.04        68.9       0.000
N      240.16        68.9       0.000
N      244.88        68.9       0.000
N       250.0        68.9       0.000
N      255.12        68.9       0.000
N      259.84        68.9       0.000
N      264.96        68.9       0.000
N      270.08        68.9       0.000
N       274.8        68.9       0.000
N      279.92        68.9       0.000
N      285.04        68.9       0.000
N      290.16        68.9       0.000
N      294.88        68.9       0.000
N       300.0        68.9       0.000
N      305.12        68.9       0.000
N      309.84        68.9       0.000
N      314.96        68.9       0.000
N      320.08        68.9       0.000
N       324.8        68.9       0.000
N      329.92        68.9       0.000
N      335.04        68.9       0.000
N      340.16        68.9       0.000
N      344.88        68.9       0.000
N       350.0        68.9       0.000
N      355.12        68.9       0.000
N      359.84        68.9       0.000
N      364.96        68.9       0.000
N      370.08        68.9       0.000
N       375.2        68.9       0.000
N      379.92        68.9       0.000
N      385.04        68.9       0.000
N      390.16        68.9       0.000
N      394.88        68.9       0.000
N       400.0        68.9       0.000
N      405.12        68.9       0.000
N      409.84        68.9       0.000
N      414.96        68.9       0.000
N      420.08        68.9       0.000
N       424.8        68.9       0.000
N      429.92        68.9       0.000
N      435.04        68.9       0.000
N      440.16        68.9       0.000
N      444.88        68.9       0.000
N       450.0        68.9       0.000
N      455.12        68.9       0.000
N      459.84        68.9       0.000
N      464.96        68.9       0.000
N      470.08        68.9       0.000
N       474.8        68.9       0.000
N      479.92        68.9       0.000
N      485.04        68.9       0.000
N      490.16        68.9       0.000
N      494.88        68.9       0.000
N       500.0        68.9       0.000
N      505.12        68.9       0.000
N      509.84        68.9       0.000
N      514.96        68.9       0.000
N      520.08        68.9       0.000
N       524.8        68.9       0.000
N      529.92        68.9       0.000
N      535.04        68.9       0.000
N      540.16        68.9       0.000
N      544.88        68.9       0.000
N       550.0        68.9       0.000
N      555.12        68.9       0.000
N      559.84        68.9       0.000
N      564.96        68.9       0.000
N      570.08        68.9       0.000
N       574.8        68.9       0.000
N      579.92        68.9       0.000
N      585.04        68.9       0.000
N      590.16        68.9       0.000
N      594.88        68.9       0.000
N       600.0        68.9       0.000
N      605.12        68.9       0.000
N      609.84        68.9       0.000
N      614.96        68.9       0.000
N      620.08        68.9       0.000
N       625.2        68.9       0.000
N      629.92        68.9       0.000
N      635.04        68.9       0.000
N      640.16        68.9       0.000
N      644.88        68.9       0.000
N       650.0        68.9       0.000
N      655.12        68.9       0.000
N      659.84        68.9       0.000
N      664.96        68.9       0.000
N      670.08        68.9       0.000
N       674.8        68.9       0.000
N      679.92        68.9       0.000
N      685.04        68.9       0.000
N      690.16        68.9       0.000
N      694.88        68.9       0.000
N       700.0        68.9       0.000
N      705.12        68.9       0.000
N      709.84        68.9       0.000
N      714.96        68.9       0.000
N      720.08        68.9       0.000
N       724.8        68.9       0.000
N      729.92        68.9       0.000
N      735.04        68.9       0.000
N      740.16        68.9       0.000
N      744.88        68.9       0.000
N       750.0        68.9       0.000
N      755.12        68.9       0.000
N      759.84        68.9       0.000
N      764.96        68.9       0.000
N      770.08        68.9       0.000
N       774.8        68.9       0.000
N      779.92        68.9       0.000
N      785.04        68.9       0.000
N      790.16        68.9       0.000
N      794.88        68.9       0.000
N       800.0        68.9       0.000
N      805.12        68.9       0.000
N      809.84        68.9       0.000
N      814.96        68.9       0.000
N      820.08        68.9       0.000
N       824.8        68.9       0.000
N      829.92        68.9       0.000
N      835.04        68.9       0.000
N      840.16        68.9       0.000
N      844.88        68.9       0.000
N       850.0        68.9       0.000
N      855.12        68.9       0.000
N      859.84        68.9       0.000
N      864.96        68.9       0.000
N      870.08        68.9       0.000
N       874.8        68.9       0.000
N      879.92        68.9       0.000
N      885.04        68.9       0.000
N      890.16        68.9       0.000
N      894.88        68.9       0.000
N       900.0        68.9       0.000
N      905.12        68.9       0.000
N      909.84        68.9       0.000
N      914.96        68.9       0.000
N      920.08        68.9       0.000
N       924.8        68.9       0.000
N      929.92        68.9       0.000
N      935.04        68.9       0.000
N      940.16        68.9       0.000
N      944.88        68.9       0.000
N       950.0        68.9       0.000
N      955.12        68.9       0.000
N      959.84        68.9       0.000
N      964.96        68.9       0.000
N      970.08        68.9       0.000
N       975.2        68.9       0.000
N      979.92        68.9       0.000
N      985.04        68.9       0.000
N      990.16        68.9       0.000
N      994.88        68.9       0.000
N      1000.0        68.9       0.000
N     1005.12        68.9       0.000
N     1009.84        68.9       0.000
N     1014.96        68.9       0.000
N     1020.08        68.9       0.000
N      1025.2        68.9       0.000
N     1029.92        68.9       0.000
N     1035.04        68.9       0.000
N     1040.16        68.9       0.000
N     1044.88        68.9       0.000
N      1050.0        68.9       0.000
N     1055.12        68.9       0.000
N     1059.84        68.9       0.000
N     1064.96        68.9       0.000
N     1070.08        68.9       0.000
N      1074.8        68.9       0.000
N     1079.92        68.9       0.000
N     1085.04        68.9       0.000
N     1090.16        68.9       0.000
N     1094.88        68.9       0.000
N      1100.0        68.9       0.000
N     1105.12        68.9       0.000
N     1109.84        68.9       0.000
N     1114.96        68.9       0.000
N     1120.08        68.9       0.000
N      1124.8        68.9       0.000
N     1129.92        68.9       0.000
N     1135.04        68.9       0.000
N     1140.16        68.9       0.000
N     1144.88        68.9       0.000
N      1150.0        68.9       0.000
N     1155.12        68.9       0.000
N     1159.84        68.9       0.000
N     1164.96        68.9       0.000
N     1170.08        68.9       0.000
N      1174.8        68.9       0.000
N     1179.92        68.9       0.000
N     1185.04        68.9       0.000
N     1190.16        68.9       0.000
N     1194.88        68.9       0.000
N      1200.0        68.9       0.000
N     1238.19        68.9       0.000
N     1240.16        68.9       0.000
N     1244.88        68.9       0.000
N      1250.0        68.9       0.000
N     1255.12        68.9       0.000
N     1259.84        68.9       0.000
N      -20.08       -68.9       0.000
N      -14.96       -68.9       0.000
N       -9.84       -68.9       0.000
N       -5.12       -68.9       0.000
N       35.04       -68.9       0.000
N       40.16       -68.9       0.000
N       44.88       -68.9       0.000
N        50.0       -68.9       0.000
N       55.12       -68.9       0.000
N       59.84       -68.9       0.000
N       64.96       -68.9       0.000
N       70.08       -68.9       0.000
N        75.2       -68.9       0.000
N       79.92       -68.9       0.000
N       85.04       -68.9       0.000
N       90.16       -68.9       0.000
N       94.88       -68.9       0.000
N       100.0       -68.9       0.000
N      105.12       -68.9       0.000
N      109.84       -68.9       0.000
N      114.96       -68.9       0.000
N      120.08       -68.9       0.000
N       124.8       -68.9       0.000
N      129.92       -68.9       0.000
N      135.04       -68.9       0.000
N      140.16       -68.9       0.000
N      144.88       -68.9       0.000
N       150.0       -68.9       0.000
N      155.12       -68.9       0.000
N      159.84       -68.9       0.000
N      164.96       -68.9       0.000
N      170.08       -68.9       0.000
N       174.8       -68.9       0.000
N      179.92       -68.9       0.000
N      185.04       -68.9       0.000
N      190.16       -68.9       0.000
N      194.88       -68.9       0.000
N       200.0       -68.9       0.000
N      205.12       -68.9       0.000
N      209.84       -68.9       0.000
N      214.96       -68.9       0.000
N      220.08       -68.9       0.000
N       224.8       -68.9       0.000
N      229.92       -68.9       0.000
N      235.04       -68.9       0.000
N      240.16       -68.9       0.000
N      244.88       -68.9       0.000
N       250.0       -68.9       0.000
N      255.12       -68.9       0.000
N      259.84       -68.9       0.000
N      264.96       -68.9       0.000
N      270.08       -68.9       0.000
N       274.8       -68.9       0.000
N      279.92       -68.9       0.000
N      285.04       -68.9       0.000
N      290.16       -68.9       0.000
N      294.88       -68.9       0.000
N       300.0       -68.9       0.000
N      305.12       -68.9       0.000
N      309.84       -68.9       0.000
N      314.96       -68.9       0.000
N      320.08       -68.9       0.000
N       324.8       -68.9       0.000
N      329.92       -68.9       0.000
N      335.04       -68.9       0.000
N      340.16       -68.9       0.000
N      344.88       -68.9       0.000
N       350.0       -68.9       0.000
N      355.12       -68.9       0.000
N      359.84       -68.9       0.000
N      364.96       -68.9       0.000
N      370.08       -68.9       0.000
N       375.2       -68.9       0.000
N      379.92       -68.9       0.000
N      385.04       -68.9       0.000
N      390.16       -68.9       0.000
N      394.88       -68.9       0.000
N       400.0       -68.9       0.000
N      405.12       -68.9       0.000
N      409.84       -68.9       0.000
N      414.96       -68.9       0.000
N      420.08       -68.9       0.000
N       424.8       -68.9       0.000
N      429.92       -68.9       0.000
N      435.04       -68.9       0.000
N      440.16       -68.9       0.000
N      444.88       -68.9       0.000
N       450.0       -68.9       0.000
N      455.12       -68.9       0.000
N      459.84       -68.9       0.000
N      464.96       -68.9       0.000
N      470.08       -68.9       0.000
N       474.8       -68.9       0.000
N      479.92       -68.9       0.000
N      485.04       -68.9       0.000
N      490.16       -68.9       0.000
N      494.88       -68.9       0.000
N       500.0       -68.9       0.000
N      505.12       -68.9       0.000
N      509.84       -68.9       0.000
N      514.96       -68.9       0.000
N      520.08       -68.9       0.000
N       524.8       -68.9       0.000
N      529.92       -68.9       0.000
N      535.04       -68.9       0.000
N      540.16       -68.9       0.000
N      544.88       -68.9       0.000
N       550.0       -68.9       0.000
N      555.12       -68.9       0.000
N      559.84       -68.9       0.000
N      564.96       -68.9       0.000
N      570.08       -68.9       0.000
N       574.8       -68.9       0.000
N      579.92       -68.9       0.000
N      585.04       -68.9       0.000
N      590.16       -68.9       0.000
N      594.88       -68.9       0.000
N       600.0       -68.9       0.000
N      605.12       -68.9       0.000
N      609.84       -68.9       0.000
N      614.96       -68.9       0.000
N      620.08       -68.9       0.000
N       625.2       -68.9       0.000
N      629.92       -68.9       0.000
N      635.04       -68.9       0.000
N      640.16       -68.9       0.000
N      644.88       -68.9       0.000
N       650.0       -68.9       0.000
N      655.12       -68.9       0.000
N      659.84       -68.9       0.000
N      664.96       -68.9       0.000
N      670.08       -68.9       0.000
N       674.8       -68.9       0.000
N      679.92       -68.9       0.000
N      685.04       -68.9       0.000
N      690.16       -68.9       0.000
N      694.88       -68.9       0.000
N       700.0       -68.9       0.000
N      705.12       -68.9       0.000
N      709.84       -68.9       0.000
N      714.96       -68.9       0.000
N      720.08       -68.9       0.000
N       724.8       -68.9       0.000
N      729.92       -68.9       0.000
N      735.04       -68.9       0.000
N      740.16       -68.9       0.000
N      744.88       -68.9       0.000
N       750.0       -68.9       0.000
N      755.12       -68.9       0.000
N      759.84       -68.9       0.000
N      764.96       -68.9       0.000
N      770.08       -68.9       0.000
N       774.8       -68.9       0.000
N      779.92       -68.9       0.000
N      785.04       -68.9       0.000
N      790.16       -68.9       0.000
N      794.88       -68.9       0.000
N       800.0       -68.9       0.000
N      805.12       -68.9       0.000
N      809.84       -68.9       0.000
N      814.96       -68.9       0.000
N      820.08       -68.9       0.000
N       824.8       -68.9       0.000
N      829.92       -68.9       0.000
N      835.04       -68.9       0.000
N      840.16       -68.9       0.000
N      844.88       -68.9       0.000
N       850.0       -68.9       0.000
N      855.12       -68.9       0.000
N      859.84       -68.9       0.000
N      864.96       -68.9       0.000
N      870.08       -68.9       0.000
N       874.8       -68.9       0.000
N      879.92       -68.9       0.000
N      885.04       -68.9       0.000
N      890.16       -68.9       0.000
N      894.88       -68.9       0.000
N       900.0       -68.9       0.000
N      905.12       -68.9       0.000
N      909.84       -68.9       0.000
N      914.96       -68.9       0.000
N      920.08       -68.9       0.000
N       924.8       -68.9       0.000
N      929.92       -68.9       0.000
N      935.04       -68.9       0.000
N      940.16       -68.9       0.000
N      944.88       -68.9       0.000
N       950.0       -68.9       0.000
N      955.12       -68.9       0.000
N      959.84       -68.9       0.000
N      964.96       -68.9       0.000
N      970.08       -68.9       0.000
N       975.2       -68.9       0.000
N      979.92       -68.9       0.000
N      985.04       -68.9       0.000
N      990.16       -68.9       0.000
N      994.88       -68.9       0.000
N      1000.0       -68.9       0.000
N     1005.12       -68.9       0.000
N     1009.84       -68.9       0.000
N     1014.96       -68.9       0.000
N     1020.08       -68.9       0.000
N      1025.2       -68.9       0.000
N     1029.92       -68.9       0.000
N     1035.04       -68.9       0.000
N     1040.16       -68.9       0.000
N     1044.88       -68.9       0.000
N      1050.0       -68.9       0.000
N     1055.12       -68.9       0.000
N     1059.84       -68.9       0.000
N     1064.96       -68.9       0.000
N     1070.08       -68.9       0.000
N      1074.8       -68.9       0.000
N     1079.92       -68.9       0.000
N     1085.04       -68.9       0.000
N     1090.16       -68.9       0.000
N     1094.88       -68.9       0.000
N      1100.0       -68.9       0.000
N     1105.12       -68.9       0.000
N     1109.84       -68.9       0.000
N     1114.96       -68.9       0.000
N     1120.08       -68.9       0.000
N      1124.8       -68.9       0.000
N     1129.92       -68.9       0.000
N     1135.04       -68.9       0.000
N     1140.16       -68.9       0.000
N     1144.88       -68.9       0.000
N      1150.0       -68.9       0.000
N     1155.12       -68.9       0.000
N     1159.84       -68.9       0.000
N     1164.96       -68.9       0.000
N     1170.08       -68.9       0.000
N      1174.8       -68.9       0.000
N     1179.92       -68.9       0.000
N     1185.04       -68.9       0.000
N     1190.16       -68.9       0.000
N     1194.88       -68.9       0.000
N      1200.0       -68.9       0.000
N     1205.12       -68.9       0.000
N     1209.84       -68.9       0.000
N     1214.96       -68.9       0.000
N     1220.08       -68.9       0.000
N      1224.8       -68.9       0.000
N     1229.92       -68.9       0.000
N     1235.04       -68.9       0.000
N     1240.16       -68.9       0.000
N     1244.88       -68.9       0.000
N      1250.0       -68.9       0.000
N     1255.12       -68.9       0.000
N     1259.84       -68.9       0.000
N     1203.15       51.18       0.000
N     1203.15      -51.18       0.000
N     1203.15       33.46       0.000
N     1203.15      -33.46       0.000
N     1203.15       16.54       0.000
N     1203.15      -16.54       0.000
N     1244.88      -64.96       0.000
N     1244.88      -59.84       0.000
N     1244.88      -55.12       0.000
N     1244.88       -50.0       0.000
N     1244.88      -44.88       0.000
N     1244.88      -40.16       0.000
N     1244.88      -35.04       0.000
N     1244.88      -29.92       0.000
N     1244.88       -25.2       0.000
N     1244.88      -20.08       0.000
N     1244.88      -14.96       0.000
N     1244.88       -9.84       0.000
N     1244.88       -5.12       0.000
N     1244.88         0.0       0.000
N     1244.88        5.12       0.000
N     1244.88        9.84       0.000
N     1244.88       14.96       0.000
N     1244.88       20.08       0.000
N     1244.88        25.2       0.000
N     1244.88       29.92       0.000
N     1244.88       35.04       0.000
N     1244.88       40.16       0.000
N     1244.88       44.88       0.000
N     1244.88        50.0       0.000
N     1244.88       55.12       0.000
N     1244.88       59.84       0.000
N     1244.88       64.96       0.000
N       -9.84      -64.96       0.000
N       -9.84      -59.84       0.000
N       -9.84      -55.12       0.000
N       -9.84       -50.0       0.000
N       -9.84      -44.88       0.000
N       -9.84      -40.16       0.000
N       -9.84      -35.04       0.000
N       -9.84      -29.92       0.000
N       -9.84       -25.2       0.000
N       -9.84      -20.08       0.000
N       -9.84      -14.96       0.000
N       -9.84       -9.84       0.000
N       -9.84       -5.12       0.000
N       -9.84         0.0       0.000
N       -9.84        5.12       0.000
N       -9.84        9.84       0.000
N       -9.84       14.96       0.000
N       -9.84       20.08       0.000
N       -9.84        25.2       0.000
N       -9.84       29.92       0.000
N       -9.84       35.04       0.000
N       -9.84       40.16       0.000
N       -9.84       44.88       0.000
N       -9.84        50.0       0.000
N       -9.84       55.12       0.000
N       -9.84       59.84       0.000
N       -9.84       64.96       0.000
N      883.07       51.18       0.000
N      883.07       33.86       0.000
N      883.07       16.54       0.000
N      868.11      -51.18       0.000
N      905.12       51.18       0.000
N      905.12      -16.54       0.000
N      905.12      -51.18       0.000
N      905.12      -33.86       0.000
N      905.12       33.86       0.000
N      905.12       16.54       0.000
N      959.84       51.18       0.000
N      959.84      -16.54       0.000
N      959.84      -51.18       0.000
N      959.84      -33.86       0.000
N      959.84       33.86       0.000
N      959.84       16.54       0.000
N      920.08       16.54       0.000
N      935.04       16.54       0.000
N       950.0       16.54       0.000
N      920.08      -16.54       0.000
N      935.04      -16.54       0.000
N       950.0      -16.54       0.000
